#module 0 size: 46 bs: 0.0920908
0 1 2 3 4 5 6 7 8 9 10 11 12 13 14 15 16 17 18 19 20 21 22 23 24 25 26 27 28 29 70 76 124 125 126 127 129 130 137 155 166 167 168 169 191 193 
#module 1 size: 21 bs: 0.161285
32 33 34 35 38 39 40 41 42 43 45 46 75 96 97 98 99 103 104 106 107 
#module 2 size: 52 bs: 0.163447
41 43 44 45 46 47 48 50 51 52 54 55 56 57 58 60 62 63 64 65 68 75 77 78 80 82 83 85 88 89 90 91 92 98 99 100 107 108 131 132 133 134 135 136 146 148 149 151 152 153 154 165 
#module 3 size: 38 bs: 0.234797
16 49 53 59 61 86 110 111 112 113 114 115 116 122 156 157 158 159 160 178 179 180 181 182 183 184 185 186 188 190 191 192 194 195 196 197 198 199 
#module 4 size: 43 bs: 0.1945
41 44 45 49 53 55 59 60 61 62 63 64 65 66 67 68 69 86 88 89 90 91 92 100 107 108 110 111 112 113 114 115 116 117 153 154 157 158 160 188 189 190 197 
#module 0 size: 46 bs: 0.0920908
0 1 2 3 4 5 6 7 8 9 10 11 12 13 14 15 16 17 18 19 20 21 22 23 24 25 26 27 28 29 70 76 124 125 126 127 129 130 137 155 166 167 168 169 191 193 
#module 1 size: 21 bs: 0.19885
32 33 34 35 36 38 39 40 41 42 43 45 46 75 96 97 98 99 103 104 107 
#module 2 size: 52 bs: 0.067695
41 43 44 45 46 47 48 50 51 52 54 55 56 57 58 60 62 63 64 65 68 75 77 78 80 82 83 85 88 89 90 91 92 98 99 100 107 108 131 132 133 134 135 136 146 148 149 151 152 153 154 165 
#module 3 size: 36 bs: 0.234797
49 53 59 61 67 86 110 111 112 113 114 115 116 122 156 157 158 159 160 178 180 181 182 183 184 185 186 188 190 191 194 195 196 197 198 199 
#module 4 size: 19 bs: 0.0672613
101 118 119 120 121 122 123 126 128 140 141 142 174 175 178 179 180 181 182 
#module 0 size: 21 bs: 1.76936e-07
32 33 34 35 38 39 40 41 42 43 45 46 75 96 97 98 99 103 104 106 107 
#module 1 size: 52 bs: 0.161285
41 43 44 45 46 47 48 50 51 52 54 55 56 57 58 60 62 63 64 65 68 75 77 78 80 82 83 85 88 89 90 91 92 98 99 100 107 108 131 132 133 134 135 136 146 148 149 151 152 153 154 165 
#module 2 size: 37 bs: 0.15005
49 53 59 61 86 110 111 112 113 114 115 116 122 156 157 158 159 160 178 179 180 181 182 183 184 185 186 188 190 191 192 194 195 196 197 198 199 
#module 3 size: 19 bs: 0.234797
101 118 119 120 121 122 123 126 128 140 141 142 174 175 178 179 180 181 182 
#module 4 size: 42 bs: 0.0948194
0 1 2 3 4 5 6 7 8 9 10 11 12 13 14 15 16 17 18 19 20 21 22 23 24 25 26 27 28 29 70 76 124 125 126 127 129 130 137 166 167 193 
#module 0 size: 46 bs: 0.0920908
0 1 2 3 4 5 6 7 8 9 10 11 12 13 14 15 16 17 18 19 20 21 22 23 24 25 26 27 28 29 70 76 124 125 126 127 129 130 137 155 166 167 168 169 191 193 
#module 1 size: 22 bs: 0.187053
32 33 34 35 36 38 39 40 41 42 43 45 46 75 96 97 98 99 103 104 106 107 
#module 2 size: 52 bs: 0.169284
41 43 44 45 46 47 48 50 51 52 54 55 56 57 58 60 62 63 64 65 68 75 77 78 80 82 83 85 88 89 90 91 92 98 99 100 107 108 131 132 133 134 135 136 146 148 149 151 152 153 154 165 
#module 3 size: 30 bs: 0.234797
49 53 59 61 66 67 86 110 111 112 113 114 115 116 156 157 158 159 160 180 181 183 184 186 194 195 196 197 198 199 
#module 4 size: 19 bs: 0.129866
101 118 119 120 121 122 123 126 128 140 141 142 174 175 178 179 180 181 182 
#module 0 size: 46 bs: 0.0920908
0 1 2 3 4 5 6 7 8 9 10 11 12 13 14 15 16 17 18 19 20 21 22 23 24 25 26 27 28 29 70 76 124 125 126 127 129 130 137 155 166 167 168 169 191 193 
#module 1 size: 22 bs: 0.185823
32 33 34 35 36 38 39 40 41 42 43 45 46 75 96 97 98 99 103 104 106 107 
#module 2 size: 52 bs: 0.169284
41 43 44 45 46 47 48 50 51 52 54 55 56 57 58 60 62 63 64 65 68 75 77 78 80 82 83 85 88 89 90 91 92 98 99 100 107 108 131 132 133 134 135 136 146 148 149 151 152 153 154 165 
#module 3 size: 29 bs: 0.234797
49 53 59 61 66 67 86 110 111 112 113 114 115 116 156 157 158 159 160 180 181 183 186 194 195 196 197 198 199 
#module 4 size: 19 bs: 0.281411
101 118 119 120 121 122 123 126 128 140 141 142 174 175 178 179 180 181 182 
#module 0 size: 46 bs: 0.0920908
0 1 2 3 4 5 6 7 8 9 10 11 12 13 14 15 16 17 18 19 20 21 22 23 24 25 26 27 28 29 70 76 124 125 126 127 129 130 137 155 166 167 168 169 191 193 
#module 1 size: 22 bs: 0.163447
32 33 34 35 36 38 39 40 41 42 43 45 46 75 96 97 98 99 103 104 106 107 
#module 2 size: 52 bs: 0.169284
41 43 44 45 46 47 48 50 51 52 54 55 56 57 58 60 62 63 64 65 68 75 77 78 80 82 83 85 88 89 90 91 92 98 99 100 107 108 131 132 133 134 135 136 146 148 149 151 152 153 154 165 
#module 3 size: 29 bs: 0.234797
49 53 59 61 66 67 86 110 111 112 113 114 115 116 156 157 158 159 160 180 181 183 186 194 195 196 197 198 199 
#module 4 size: 19 bs: 0.281411
101 118 119 120 121 122 123 126 128 140 141 142 174 175 178 179 180 181 182 
#module 0 size: 46 bs: 0.0920908
0 1 2 3 4 5 6 7 8 9 10 11 12 13 14 15 16 17 18 19 20 21 22 23 24 25 26 27 28 29 70 76 124 125 126 127 129 130 137 155 166 167 168 169 191 193 
#module 1 size: 21 bs: 0.161285
32 33 34 35 38 39 40 41 42 43 45 46 75 96 97 98 99 103 104 106 107 
#module 2 size: 38 bs: 0.067695
16 49 53 59 61 86 110 111 112 113 114 115 116 122 156 157 158 159 160 178 179 180 181 182 183 184 185 186 188 190 191 192 194 195 196 197 198 199 
#module 3 size: 52 bs: 0.0702187
41 43 44 45 46 47 48 50 51 52 54 55 56 57 58 60 62 63 64 65 68 75 77 78 80 82 83 85 88 89 90 91 92 98 99 100 107 108 131 132 133 134 135 136 146 148 149 151 152 153 154 165 
#module 4 size: 19 bs: 0.1945
101 118 119 120 121 122 123 126 128 140 141 142 174 175 178 179 180 181 182 
#module 0 size: 46 bs: 0.0920908
0 1 2 3 4 5 6 7 8 9 10 11 12 13 14 15 16 17 18 19 20 21 22 23 24 25 26 27 28 29 70 76 124 125 126 127 129 130 137 155 166 167 168 169 191 193 
#module 1 size: 21 bs: 0.161285
32 33 34 35 38 39 40 41 42 43 45 46 75 96 97 98 99 103 104 106 107 
#module 2 size: 38 bs: 0.212105
16 49 53 59 61 86 110 111 112 113 114 115 116 122 156 157 158 159 160 178 179 180 181 182 183 184 185 186 188 190 191 192 194 195 196 197 198 199 
#module 3 size: 52 bs: 0.0702187
41 43 44 45 46 47 48 50 51 52 54 55 56 57 58 60 62 63 64 65 68 75 77 78 80 82 83 85 88 89 90 91 92 98 99 100 107 108 131 132 133 134 135 136 146 148 149 151 152 153 154 165 
#module 4 size: 19 bs: 0.1945
101 118 119 120 121 122 123 126 128 140 141 142 174 175 178 179 180 181 182 
#module 0 size: 46 bs: 0.0920908
0 1 2 3 4 5 6 7 8 9 10 11 12 13 14 15 16 17 18 19 20 21 22 23 24 25 26 27 28 29 70 76 124 125 126 127 129 130 137 155 166 167 168 169 191 193 
#module 1 size: 22 bs: 0.169284
32 33 34 35 36 38 39 40 41 42 43 45 46 75 96 97 98 99 103 104 106 107 
#module 2 size: 52 bs: 0.163447
41 43 44 45 46 47 48 50 51 52 54 55 56 57 58 60 62 63 64 65 68 75 77 78 80 82 83 85 88 89 90 91 92 98 99 100 107 108 131 132 133 134 135 136 146 148 149 151 152 153 154 165 
#module 3 size: 36 bs: 0.234797
49 53 59 61 67 86 110 111 112 113 114 115 116 122 156 157 158 159 160 178 180 181 182 183 184 185 186 188 190 191 194 195 196 197 198 199 
#module 4 size: 19 bs: 0.0672613
101 118 119 120 121 122 123 126 128 140 141 142 174 175 178 179 180 181 182 
#module 0 size: 46 bs: 0.0920908
0 1 2 3 4 5 6 7 8 9 10 11 12 13 14 15 16 17 18 19 20 21 22 23 24 25 26 27 28 29 70 76 124 125 126 127 129 130 137 155 166 167 168 169 191 193 
#module 1 size: 22 bs: 0.169284
32 33 34 35 36 38 39 40 41 42 43 45 46 75 96 97 98 99 103 104 106 107 
#module 2 size: 52 bs: 0.209647
41 43 44 45 46 47 48 50 51 52 54 55 56 57 58 60 62 63 64 65 68 75 77 78 80 82 83 85 88 89 90 91 92 98 99 100 107 108 131 132 133 134 135 136 146 148 149 151 152 153 154 165 
#module 3 size: 30 bs: 0.234797
49 53 59 61 66 67 86 110 111 112 113 114 115 116 156 157 158 159 160 180 181 183 184 186 194 195 196 197 198 199 
#module 4 size: 19 bs: 0.129866
101 118 119 120 121 122 123 126 128 140 141 142 174 175 178 179 180 181 182 
#module 0 size: 46 bs: 0.0920908
0 1 2 3 4 5 6 7 8 9 10 11 12 13 14 15 16 17 18 19 20 21 22 23 24 25 26 27 28 29 70 76 124 125 126 127 129 130 137 155 166 167 168 169 191 193 
#module 1 size: 22 bs: 0.252146
32 33 34 35 36 38 39 40 41 42 43 45 46 75 96 97 98 99 103 104 106 107 
#module 2 size: 52 bs: 0.169284
41 43 44 45 46 47 48 50 51 52 54 55 56 57 58 60 62 63 64 65 68 75 77 78 80 82 83 85 88 89 90 91 92 98 99 100 107 108 131 132 133 134 135 136 146 148 149 151 152 153 154 165 
#module 3 size: 26 bs: 0.234797
49 53 86 110 111 112 113 114 156 157 158 159 160 178 180 181 183 184 186 192 194 195 196 197 198 199 
#module 4 size: 19 bs: 0.00669946
101 118 119 120 121 122 123 126 128 140 141 142 174 175 178 179 180 181 182 
#module 0 size: 46 bs: 0.0920908
0 1 2 3 4 5 6 7 8 9 10 11 12 13 14 15 16 17 18 19 20 21 22 23 24 25 26 27 28 29 70 76 124 125 126 127 129 130 137 155 166 167 168 169 191 193 
#module 1 size: 21 bs: 0.161285
32 33 34 35 38 39 40 41 42 43 45 46 75 96 97 98 99 103 104 106 107 
#module 2 size: 52 bs: 0.212104
41 43 44 45 46 47 48 50 51 52 54 55 56 57 58 60 62 63 64 65 68 75 77 78 80 82 83 85 88 89 90 91 92 98 99 100 107 108 131 132 133 134 135 136 146 148 149 151 152 153 154 165 
#module 3 size: 25 bs: 0.234797
49 53 86 110 111 112 113 114 115 156 157 158 159 160 180 181 183 184 186 194 195 196 197 198 199 
#module 4 size: 19 bs: 0.000809729
101 118 119 120 121 122 123 126 128 140 141 142 174 175 178 179 180 181 182 
#module 0 size: 46 bs: 0.0920908
0 1 2 3 4 5 6 7 8 9 10 11 12 13 14 15 16 17 18 19 20 21 22 23 24 25 26 27 28 29 70 76 124 125 126 127 129 130 137 155 166 167 168 169 191 193 
#module 1 size: 22 bs: 0.163447
32 33 34 35 36 38 39 40 41 42 43 45 46 75 96 97 98 99 103 104 106 107 
#module 2 size: 52 bs: 0.169284
41 43 44 45 46 47 48 50 51 52 54 55 56 57 58 60 62 63 64 65 68 75 77 78 80 82 83 85 88 89 90 91 92 98 99 100 107 108 131 132 133 134 135 136 146 148 149 151 152 153 154 165 
#module 3 size: 30 bs: 0.234797
49 53 59 61 66 67 86 110 111 112 113 114 115 116 156 157 158 159 160 180 181 183 184 186 194 195 196 197 198 199 
#module 4 size: 19 bs: 0.129866
101 118 119 120 121 122 123 126 128 140 141 142 174 175 178 179 180 181 182 
#module 0 size: 46 bs: 0.0920908
0 1 2 3 4 5 6 7 8 9 10 11 12 13 14 15 16 17 18 19 20 21 22 23 24 25 26 27 28 29 70 76 124 125 126 127 129 130 137 155 166 167 168 169 191 193 
#module 1 size: 21 bs: 0.161285
32 33 34 35 38 39 40 41 42 43 45 46 75 96 97 98 99 103 104 106 107 
#module 2 size: 31 bs: 0.163447
41 44 45 46 47 48 50 51 52 54 55 56 57 58 75 77 78 80 82 83 85 88 89 92 100 131 132 134 135 136 165 
#module 3 size: 38 bs: 0.0702187
16 49 53 59 61 86 110 111 112 113 114 115 116 122 156 157 158 159 160 178 179 180 181 182 183 184 185 186 188 190 191 192 194 195 196 197 198 199 
#module 4 size: 38 bs: 0.1945
41 44 51 55 60 65 68 89 90 91 92 100 102 107 108 109 113 116 117 143 144 145 146 147 148 149 150 151 152 153 154 160 177 185 187 188 189 190 
#module 5 size: 19 bs: 0.258849
101 118 119 120 121 122 123 126 128 140 141 142 174 175 178 179 180 181 182 
#module 0 size: 46 bs: 0.0920908
0 1 2 3 4 5 6 7 8 9 10 11 12 13 14 15 16 17 18 19 20 21 22 23 24 25 26 27 28 29 70 76 124 125 126 127 129 130 137 155 166 167 168 169 191 193 
#module 1 size: 21 bs: 0.19885
32 33 34 35 36 38 39 40 41 42 43 45 46 75 96 97 98 99 103 104 107 
#module 2 size: 52 bs: 0.163447
41 43 44 45 46 47 48 50 51 52 54 55 56 57 58 60 62 63 64 65 68 75 77 78 80 82 83 85 88 89 90 91 92 98 99 100 107 108 131 132 133 134 135 136 146 148 149 151 152 153 154 165 
#module 3 size: 43 bs: 0.234797
41 44 45 49 53 55 59 60 61 62 63 64 65 66 67 68 69 86 88 89 90 91 92 100 107 108 110 111 112 113 114 115 116 117 153 154 157 158 160 188 189 190 197 
#module 4 size: 19 bs: 0.000809729
101 118 119 120 121 122 123 126 128 140 141 142 174 175 178 179 180 181 182 
#module 0 size: 46 bs: 0.0920908
0 1 2 3 4 5 6 7 8 9 10 11 12 13 14 15 16 17 18 19 20 21 22 23 24 25 26 27 28 29 70 76 124 125 126 127 129 130 137 155 166 167 168 169 191 193 
#module 1 size: 22 bs: 0.163447
32 33 34 35 36 38 39 40 41 42 43 45 46 75 96 97 98 99 103 104 106 107 
#module 2 size: 37 bs: 0.169284
49 53 59 61 86 110 111 112 113 114 115 116 122 156 157 158 159 160 178 179 180 181 182 183 184 185 186 188 190 191 192 194 195 196 197 198 199 
#module 3 size: 19 bs: 0.034785
101 118 119 120 121 122 123 126 128 140 141 142 174 175 178 179 180 181 182 
#module 4 size: 52 bs: 0.0568909
41 43 44 45 46 47 48 50 51 52 54 55 56 57 58 60 62 63 64 65 68 75 77 78 80 82 83 85 88 89 90 91 92 98 99 100 107 108 131 132 133 134 135 136 146 148 149 151 152 153 154 165 
#module 0 size: 46 bs: 0.0920908
0 1 2 3 4 5 6 7 8 9 10 11 12 13 14 15 16 17 18 19 20 21 22 23 24 25 26 27 28 29 70 76 124 125 126 127 129 130 137 155 166 167 168 169 191 193 
#module 1 size: 21 bs: 0.161285
32 33 34 35 38 39 40 41 42 43 45 46 75 96 97 98 99 103 104 106 107 
#module 2 size: 38 bs: 0.0555752
16 49 53 59 61 86 110 111 112 113 114 115 116 122 156 157 158 159 160 178 179 180 181 182 183 184 185 186 188 190 191 192 194 195 196 197 198 199 
#module 3 size: 19 bs: 0.0949904
101 118 119 120 121 122 123 126 128 140 141 142 174 175 178 179 180 181 182 
#module 4 size: 42 bs: 0.210026
41 43 44 45 46 47 48 50 51 52 54 55 56 57 58 60 75 77 78 80 82 83 85 88 89 90 92 98 100 108 131 132 134 135 136 146 148 149 151 152 153 165 
#module 0 size: 46 bs: 0.0920908
0 1 2 3 4 5 6 7 8 9 10 11 12 13 14 15 16 17 18 19 20 21 22 23 24 25 26 27 28 29 70 76 124 125 126 127 129 130 137 155 166 167 168 169 191 193 
#module 1 size: 21 bs: 0.161285
32 33 34 35 38 39 40 41 42 43 45 46 75 96 97 98 99 103 104 106 107 
#module 2 size: 52 bs: 0.187053
41 43 44 45 46 47 48 50 51 52 54 55 56 57 58 60 62 63 64 65 68 75 77 78 80 82 83 85 88 89 90 91 92 98 99 100 107 108 131 132 133 134 135 136 146 148 149 151 152 153 154 165 
#module 3 size: 29 bs: 0.234797
49 53 59 61 66 67 86 110 111 112 113 114 115 116 156 157 158 159 160 180 181 183 186 194 195 196 197 198 199 
#module 4 size: 19 bs: 0.281411
101 118 119 120 121 122 123 126 128 140 141 142 174 175 178 179 180 181 182 
#module 0 size: 46 bs: 0.0920908
0 1 2 3 4 5 6 7 8 9 10 11 12 13 14 15 16 17 18 19 20 21 22 23 24 25 26 27 28 29 70 76 124 125 126 127 129 130 137 155 166 167 168 169 191 193 
#module 1 size: 21 bs: 0.161285
32 33 34 35 38 39 40 41 42 43 45 46 75 96 97 98 99 103 104 106 107 
#module 2 size: 31 bs: 0.187767
41 44 45 46 47 48 50 51 52 54 55 56 57 58 75 77 78 80 82 83 85 88 89 92 100 131 132 134 135 136 165 
#module 3 size: 37 bs: 0.0702187
49 53 59 61 86 110 111 112 113 114 115 116 122 156 157 158 159 160 178 179 180 181 182 183 184 185 186 188 190 191 192 194 195 196 197 198 199 
#module 4 size: 19 bs: 0.0568909
101 118 119 120 121 122 123 126 128 140 141 142 174 175 178 179 180 181 182 
#module 0 size: 46 bs: 0.0920908
0 1 2 3 4 5 6 7 8 9 10 11 12 13 14 15 16 17 18 19 20 21 22 23 24 25 26 27 28 29 70 76 124 125 126 127 129 130 137 155 166 167 168 169 191 193 
#module 1 size: 21 bs: 0.19885
32 33 34 35 36 38 39 40 41 42 43 45 46 75 96 97 98 99 103 104 107 
#module 2 size: 38 bs: 0.163447
16 49 53 59 61 86 110 111 112 113 114 115 116 122 156 157 158 159 160 178 179 180 181 182 183 184 185 186 188 190 191 192 194 195 196 197 198 199 
#module 3 size: 19 bs: 0.034785
101 118 119 120 121 122 123 126 128 140 141 142 174 175 178 179 180 181 182 
#module 4 size: 52 bs: 0.1945
41 43 44 45 46 47 48 50 51 52 54 55 56 57 58 60 62 63 64 65 68 75 77 78 80 82 83 85 88 89 90 91 92 98 99 100 107 108 131 132 133 134 135 136 146 148 149 151 152 153 154 165 
#module 0 size: 46 bs: 0.0920908
0 1 2 3 4 5 6 7 8 9 10 11 12 13 14 15 16 17 18 19 20 21 22 23 24 25 26 27 28 29 70 76 124 125 126 127 129 130 137 155 166 167 168 169 191 193 
#module 1 size: 21 bs: 0.161285
32 33 34 35 38 39 40 41 42 43 45 46 75 96 97 98 99 103 104 106 107 
#module 2 size: 52 bs: 0.163447
41 43 44 45 46 47 48 50 51 52 54 55 56 57 58 60 62 63 64 65 68 75 77 78 80 82 83 85 88 89 90 91 92 98 99 100 107 108 131 132 133 134 135 136 146 148 149 151 152 153 154 165 
#module 3 size: 36 bs: 0.234797
49 53 59 61 67 86 110 111 112 113 114 115 116 122 156 157 158 159 160 178 180 181 182 183 184 185 186 188 190 191 194 195 196 197 198 199 
#module 4 size: 19 bs: 0.0672613
101 118 119 120 121 122 123 126 128 140 141 142 174 175 178 179 180 181 182 
#module 0 size: 46 bs: 0.0920908
0 1 2 3 4 5 6 7 8 9 10 11 12 13 14 15 16 17 18 19 20 21 22 23 24 25 26 27 28 29 70 76 124 125 126 127 129 130 137 155 166 167 168 169 191 193 
#module 1 size: 21 bs: 0.19885
32 33 34 35 36 38 39 40 41 42 43 45 46 75 96 97 98 99 103 104 107 
#module 2 size: 52 bs: 0.163447
41 43 44 45 46 47 48 50 51 52 54 55 56 57 58 60 62 63 64 65 68 75 77 78 80 82 83 85 88 89 90 91 92 98 99 100 107 108 131 132 133 134 135 136 146 148 149 151 152 153 154 165 
#module 3 size: 38 bs: 0.234797
16 49 53 59 61 86 110 111 112 113 114 115 116 122 156 157 158 159 160 178 179 180 181 182 183 184 185 186 188 190 191 192 194 195 196 197 198 199 
#module 4 size: 19 bs: 0.1945
101 118 119 120 121 122 123 126 128 140 141 142 174 175 178 179 180 181 182 
#module 0 size: 46 bs: 0.0920908
0 1 2 3 4 5 6 7 8 9 10 11 12 13 14 15 16 17 18 19 20 21 22 23 24 25 26 27 28 29 70 76 124 125 126 127 129 130 137 155 166 167 168 169 191 193 
#module 1 size: 21 bs: 0.19885
32 33 34 35 36 38 39 40 41 42 43 45 46 75 96 97 98 99 103 104 107 
#module 2 size: 52 bs: 0.163447
41 43 44 45 46 47 48 50 51 52 54 55 56 57 58 60 62 63 64 65 68 75 77 78 80 82 83 85 88 89 90 91 92 98 99 100 107 108 131 132 133 134 135 136 146 148 149 151 152 153 154 165 
#module 3 size: 30 bs: 0.234797
49 53 59 61 66 67 86 110 111 112 113 114 115 116 156 157 158 159 160 180 181 183 184 186 194 195 196 197 198 199 
#module 4 size: 19 bs: 0.129866
101 118 119 120 121 122 123 126 128 140 141 142 174 175 178 179 180 181 182 
#module 0 size: 46 bs: 0.0920908
0 1 2 3 4 5 6 7 8 9 10 11 12 13 14 15 16 17 18 19 20 21 22 23 24 25 26 27 28 29 70 76 124 125 126 127 129 130 137 155 166 167 168 169 191 193 
#module 1 size: 22 bs: 0.169284
32 33 34 35 36 38 39 40 41 42 43 45 46 75 96 97 98 99 103 104 106 107 
#module 2 size: 52 bs: 0.163447
41 43 44 45 46 47 48 50 51 52 54 55 56 57 58 60 62 63 64 65 68 75 77 78 80 82 83 85 88 89 90 91 92 98 99 100 107 108 131 132 133 134 135 136 146 148 149 151 152 153 154 165 
#module 3 size: 36 bs: 0.234797
49 53 59 61 67 86 110 111 112 113 114 115 116 122 156 157 158 159 160 178 180 181 182 183 184 185 186 188 190 191 194 195 196 197 198 199 
#module 4 size: 19 bs: 0.0672613
101 118 119 120 121 122 123 126 128 140 141 142 174 175 178 179 180 181 182 
#module 0 size: 46 bs: 0.0920908
0 1 2 3 4 5 6 7 8 9 10 11 12 13 14 15 16 17 18 19 20 21 22 23 24 25 26 27 28 29 70 76 124 125 126 127 129 130 137 155 166 167 168 169 191 193 
#module 1 size: 22 bs: 0.174395
32 33 34 35 36 38 39 40 41 42 43 45 46 75 96 97 98 99 103 104 106 107 
#module 2 size: 52 bs: 0.169284
41 43 44 45 46 47 48 50 51 52 54 55 56 57 58 60 62 63 64 65 68 75 77 78 80 82 83 85 88 89 90 91 92 98 99 100 107 108 131 132 133 134 135 136 146 148 149 151 152 153 154 165 
#module 3 size: 33 bs: 0.234797
49 53 59 61 66 67 69 86 110 111 112 113 114 115 116 157 158 159 160 178 180 181 182 183 184 185 186 188 190 196 197 198 199 
#module 4 size: 19 bs: 0.00669946
101 118 119 120 121 122 123 126 128 140 141 142 174 175 178 179 180 181 182 
#module 0 size: 46 bs: 0.0920908
0 1 2 3 4 5 6 7 8 9 10 11 12 13 14 15 16 17 18 19 20 21 22 23 24 25 26 27 28 29 70 76 124 125 126 127 129 130 137 155 166 167 168 169 191 193 
#module 1 size: 21 bs: 0.161285
32 33 34 35 38 39 40 41 42 43 45 46 75 96 97 98 99 103 104 106 107 
#module 2 size: 37 bs: 0.163447
49 53 59 61 86 110 111 112 113 114 115 116 122 156 157 158 159 160 178 179 180 181 182 183 184 185 186 188 190 191 192 194 195 196 197 198 199 
#module 3 size: 37 bs: 0.0702187
41 44 45 46 47 48 50 51 52 54 55 56 57 58 60 75 77 78 80 82 83 85 88 89 92 100 108 131 132 134 135 136 146 149 151 152 165 
#module 4 size: 19 bs: 0.0568909
101 118 119 120 121 122 123 126 128 140 141 142 174 175 178 179 180 181 182 
#module 0 size: 46 bs: 0.0920908
0 1 2 3 4 5 6 7 8 9 10 11 12 13 14 15 16 17 18 19 20 21 22 23 24 25 26 27 28 29 70 76 124 125 126 127 129 130 137 155 166 167 168 169 191 193 
#module 1 size: 22 bs: 0.253736
32 33 34 35 36 38 39 40 41 42 43 45 46 75 96 97 98 99 103 104 106 107 
#module 2 size: 52 bs: 0.169284
41 43 44 45 46 47 48 50 51 52 54 55 56 57 58 60 62 63 64 65 68 75 77 78 80 82 83 85 88 89 90 91 92 98 99 100 107 108 131 132 133 134 135 136 146 148 149 151 152 153 154 165 
#module 3 size: 36 bs: 0.234797
49 53 59 61 67 86 110 111 112 113 114 115 116 122 156 157 158 159 160 178 180 181 182 183 184 185 186 188 190 191 194 195 196 197 198 199 
#module 4 size: 19 bs: 0.0672613
101 118 119 120 121 122 123 126 128 140 141 142 174 175 178 179 180 181 182 
#module 0 size: 46 bs: 0.0920908
0 1 2 3 4 5 6 7 8 9 10 11 12 13 14 15 16 17 18 19 20 21 22 23 24 25 26 27 28 29 70 76 124 125 126 127 129 130 137 155 166 167 168 169 191 193 
#module 1 size: 21 bs: 0.161285
32 33 34 35 38 39 40 41 42 43 45 46 75 96 97 98 99 103 104 106 107 
#module 2 size: 38 bs: 0.179528
16 49 53 59 61 86 110 111 112 113 114 115 116 122 156 157 158 159 160 178 179 180 181 182 183 184 185 186 188 190 191 192 194 195 196 197 198 199 
#module 3 size: 52 bs: 0.0702187
41 43 44 45 46 47 48 50 51 52 54 55 56 57 58 60 62 63 64 65 68 75 77 78 80 82 83 85 88 89 90 91 92 98 99 100 107 108 131 132 133 134 135 136 146 148 149 151 152 153 154 165 
#module 4 size: 19 bs: 0.1945
101 118 119 120 121 122 123 126 128 140 141 142 174 175 178 179 180 181 182 
#module 0 size: 46 bs: 0.0920908
0 1 2 3 4 5 6 7 8 9 10 11 12 13 14 15 16 17 18 19 20 21 22 23 24 25 26 27 28 29 70 76 124 125 126 127 129 130 137 155 166 167 168 169 191 193 
#module 1 size: 22 bs: 0.163447
32 33 34 35 36 38 39 40 41 42 43 45 46 75 96 97 98 99 103 104 106 107 
#module 2 size: 52 bs: 0.169284
41 43 44 45 46 47 48 50 51 52 54 55 56 57 58 60 62 63 64 65 68 75 77 78 80 82 83 85 88 89 90 91 92 98 99 100 107 108 131 132 133 134 135 136 146 148 149 151 152 153 154 165 
#module 3 size: 36 bs: 0.234797
49 53 59 61 67 86 110 111 112 113 114 115 116 122 156 157 158 159 160 178 180 181 182 183 184 185 186 188 190 191 194 195 196 197 198 199 
#module 4 size: 19 bs: 0.0672613
101 118 119 120 121 122 123 126 128 140 141 142 174 175 178 179 180 181 182 
#module 0 size: 46 bs: 0.0920908
0 1 2 3 4 5 6 7 8 9 10 11 12 13 14 15 16 17 18 19 20 21 22 23 24 25 26 27 28 29 70 76 124 125 126 127 129 130 137 155 166 167 168 169 191 193 
#module 1 size: 22 bs: 0.163447
32 33 34 35 36 38 39 40 41 42 43 45 46 75 96 97 98 99 103 104 106 107 
#module 2 size: 52 bs: 0.169284
41 43 44 45 46 47 48 50 51 52 54 55 56 57 58 60 62 63 64 65 68 75 77 78 80 82 83 85 88 89 90 91 92 98 99 100 107 108 131 132 133 134 135 136 146 148 149 151 152 153 154 165 
#module 3 size: 34 bs: 0.234797
49 53 59 86 110 111 112 113 114 115 116 122 156 158 159 160 178 179 180 181 182 183 184 185 186 188 190 191 194 195 196 197 198 199 
#module 0 size: 46 bs: 0.0920908
0 1 2 3 4 5 6 7 8 9 10 11 12 13 14 15 16 17 18 19 20 21 22 23 24 25 26 27 28 29 70 76 124 125 126 127 129 130 137 155 166 167 168 169 191 193 
#module 1 size: 22 bs: 0.163447
32 33 34 35 36 38 39 40 41 42 43 45 46 75 96 97 98 99 103 104 106 107 
#module 2 size: 52 bs: 0.169284
41 43 44 45 46 47 48 50 51 52 54 55 56 57 58 60 62 63 64 65 68 75 77 78 80 82 83 85 88 89 90 91 92 98 99 100 107 108 131 132 133 134 135 136 146 148 149 151 152 153 154 165 
#module 3 size: 38 bs: 0.234797
16 49 53 59 61 86 110 111 112 113 114 115 116 122 156 157 158 159 160 178 179 180 181 182 183 184 185 186 188 190 191 192 194 195 196 197 198 199 
#module 4 size: 19 bs: 0.1945
101 118 119 120 121 122 123 126 128 140 141 142 174 175 178 179 180 181 182 
#module 5 size: 43 bs: 0.298742
41 44 45 49 53 55 59 60 61 62 63 64 65 66 67 68 69 86 88 89 90 91 92 100 107 108 110 111 112 113 114 115 116 117 153 154 157 158 160 188 189 190 197 
#module 0 size: 46 bs: 0.0920908
0 1 2 3 4 5 6 7 8 9 10 11 12 13 14 15 16 17 18 19 20 21 22 23 24 25 26 27 28 29 70 76 124 125 126 127 129 130 137 155 166 167 168 169 191 193 
#module 1 size: 21 bs: 0.161285
32 33 34 35 38 39 40 41 42 43 45 46 75 96 97 98 99 103 104 106 107 
#module 2 size: 52 bs: 0.252146
41 43 44 45 46 47 48 50 51 52 54 55 56 57 58 60 62 63 64 65 68 75 77 78 80 82 83 85 88 89 90 91 92 98 99 100 107 108 131 132 133 134 135 136 146 148 149 151 152 153 154 165 
#module 3 size: 30 bs: 0.234797
49 53 59 61 66 67 86 110 111 112 113 114 115 116 156 157 158 159 160 180 181 183 184 186 194 195 196 197 198 199 
#module 4 size: 19 bs: 0.129866
101 118 119 120 121 122 123 126 128 140 141 142 174 175 178 179 180 181 182 
#module 0 size: 46 bs: 0.0920908
0 1 2 3 4 5 6 7 8 9 10 11 12 13 14 15 16 17 18 19 20 21 22 23 24 25 26 27 28 29 70 76 124 125 126 127 129 130 137 155 166 167 168 169 191 193 
#module 1 size: 22 bs: 0.163447
32 33 34 35 36 38 39 40 41 42 43 45 46 75 96 97 98 99 103 104 106 107 
#module 2 size: 52 bs: 0.169284
41 43 44 45 46 47 48 50 51 52 54 55 56 57 58 60 62 63 64 65 68 75 77 78 80 82 83 85 88 89 90 91 92 98 99 100 107 108 131 132 133 134 135 136 146 148 149 151 152 153 154 165 
#module 3 size: 30 bs: 0.234797
49 53 59 61 66 67 86 110 111 112 113 114 115 116 156 157 158 159 160 180 181 183 184 186 194 195 196 197 198 199 
#module 4 size: 19 bs: 0.129866
101 118 119 120 121 122 123 126 128 140 141 142 174 175 178 179 180 181 182 
#module 0 size: 46 bs: 0.0920908
0 1 2 3 4 5 6 7 8 9 10 11 12 13 14 15 16 17 18 19 20 21 22 23 24 25 26 27 28 29 70 76 124 125 126 127 129 130 137 155 166 167 168 169 191 193 
#module 1 size: 21 bs: 0.161285
32 33 34 35 38 39 40 41 42 43 45 46 75 96 97 98 99 103 104 106 107 
#module 2 size: 38 bs: 0.11061
16 49 53 59 61 86 110 111 112 113 114 115 116 122 156 157 158 159 160 178 179 180 181 182 183 184 185 186 188 190 191 192 194 195 196 197 198 199 
#module 3 size: 52 bs: 0.0702187
41 43 44 45 46 47 48 50 51 52 54 55 56 57 58 60 62 63 64 65 68 75 77 78 80 82 83 85 88 89 90 91 92 98 99 100 107 108 131 132 133 134 135 136 146 148 149 151 152 153 154 165 
#module 4 size: 19 bs: 0.1945
101 118 119 120 121 122 123 126 128 140 141 142 174 175 178 179 180 181 182 
#module 0 size: 46 bs: 0.0920908
0 1 2 3 4 5 6 7 8 9 10 11 12 13 14 15 16 17 18 19 20 21 22 23 24 25 26 27 28 29 70 76 124 125 126 127 129 130 137 155 166 167 168 169 191 193 
#module 1 size: 22 bs: 0.187767
32 33 34 35 36 38 39 40 41 42 43 45 46 75 96 97 98 99 103 104 106 107 
#module 2 size: 52 bs: 0.169284
41 43 44 45 46 47 48 50 51 52 54 55 56 57 58 60 62 63 64 65 68 75 77 78 80 82 83 85 88 89 90 91 92 98 99 100 107 108 131 132 133 134 135 136 146 148 149 151 152 153 154 165 
#module 3 size: 19 bs: 0.234797
101 118 119 120 121 122 123 126 128 140 141 142 174 175 178 179 180 181 182 
#module 4 size: 61 bs: 0.129866
41 44 49 53 55 59 60 61 62 64 65 66 67 68 69 86 88 89 90 91 92 100 102 107 108 109 110 111 112 113 114 115 116 117 142 144 145 146 147 148 150 151 152 153 154 158 159 160 177 181 182 183 184 185 186 187 188 189 190 197 199 
#module 0 size: 46 bs: 0.0920908
0 1 2 3 4 5 6 7 8 9 10 11 12 13 14 15 16 17 18 19 20 21 22 23 24 25 26 27 28 29 70 76 124 125 126 127 129 130 137 155 166 167 168 169 191 193 
#module 1 size: 22 bs: 0.163447
32 33 34 35 36 38 39 40 41 42 43 45 46 75 96 97 98 99 103 104 106 107 
#module 2 size: 52 bs: 0.169284
41 43 44 45 46 47 48 50 51 52 54 55 56 57 58 60 62 63 64 65 68 75 77 78 80 82 83 85 88 89 90 91 92 98 99 100 107 108 131 132 133 134 135 136 146 148 149 151 152 153 154 165 
#module 3 size: 25 bs: 0.234797
49 53 86 110 111 112 113 114 115 156 157 158 159 160 180 181 183 184 186 194 195 196 197 198 199 
#module 4 size: 19 bs: 0.000809729
101 118 119 120 121 122 123 126 128 140 141 142 174 175 178 179 180 181 182 
#module 0 size: 46 bs: 0.0920908
0 1 2 3 4 5 6 7 8 9 10 11 12 13 14 15 16 17 18 19 20 21 22 23 24 25 26 27 28 29 70 76 124 125 126 127 129 130 137 155 166 167 168 169 191 193 
#module 1 size: 22 bs: 0.169284
32 33 34 35 36 38 39 40 41 42 43 45 46 75 96 97 98 99 103 104 106 107 
#module 2 size: 52 bs: 0.163447
41 43 44 45 46 47 48 50 51 52 54 55 56 57 58 60 62 63 64 65 68 75 77 78 80 82 83 85 88 89 90 91 92 98 99 100 107 108 131 132 133 134 135 136 146 148 149 151 152 153 154 165 
#module 3 size: 30 bs: 0.234797
49 53 59 61 66 67 86 110 111 112 113 114 115 116 156 157 158 159 160 180 181 183 184 186 194 195 196 197 198 199 
#module 4 size: 19 bs: 0.129866
101 118 119 120 121 122 123 126 128 140 141 142 174 175 178 179 180 181 182 
#module 0 size: 46 bs: 0.0920908
0 1 2 3 4 5 6 7 8 9 10 11 12 13 14 15 16 17 18 19 20 21 22 23 24 25 26 27 28 29 70 76 124 125 126 127 129 130 137 155 166 167 168 169 191 193 
#module 1 size: 38 bs: 0.163447
16 49 53 59 61 86 110 111 112 113 114 115 116 122 156 157 158 159 160 178 179 180 181 182 183 184 185 186 188 190 191 192 194 195 196 197 198 199 
#module 2 size: 52 bs: 0.284918
41 43 44 45 46 47 48 50 51 52 54 55 56 57 58 60 62 63 64 65 68 75 77 78 80 82 83 85 88 89 90 91 92 98 99 100 107 108 131 132 133 134 135 136 146 148 149 151 152 153 154 165 
#module 3 size: 19 bs: 0.1945
101 118 119 120 121 122 123 126 128 140 141 142 174 175 178 179 180 181 182 
#module 0 size: 46 bs: 0.0920908
0 1 2 3 4 5 6 7 8 9 10 11 12 13 14 15 16 17 18 19 20 21 22 23 24 25 26 27 28 29 70 76 124 125 126 127 129 130 137 155 166 167 168 169 191 193 
#module 1 size: 21 bs: 0.19885
32 33 34 35 36 38 39 40 41 42 43 45 46 75 96 97 98 99 103 104 107 
#module 2 size: 52 bs: 0.130727
41 43 44 45 46 47 48 50 51 52 54 55 56 57 58 60 62 63 64 65 68 75 77 78 80 82 83 85 88 89 90 91 92 98 99 100 107 108 131 132 133 134 135 136 146 148 149 151 152 153 154 165 
#module 3 size: 30 bs: 0.234797
49 53 59 61 66 67 86 110 111 112 113 114 115 116 156 157 158 159 160 180 181 183 184 186 194 195 196 197 198 199 
#module 4 size: 19 bs: 0.129866
101 118 119 120 121 122 123 126 128 140 141 142 174 175 178 179 180 181 182 
#module 0 size: 46 bs: 0.0920908
0 1 2 3 4 5 6 7 8 9 10 11 12 13 14 15 16 17 18 19 20 21 22 23 24 25 26 27 28 29 70 76 124 125 126 127 129 130 137 155 166 167 168 169 191 193 
#module 1 size: 21 bs: 0.161285
32 33 34 35 38 39 40 41 42 43 45 46 75 96 97 98 99 103 104 106 107 
#module 2 size: 37 bs: 0.163447
49 53 59 61 86 110 111 112 113 114 115 116 122 156 157 158 159 160 178 179 180 181 182 183 184 185 186 188 190 191 192 194 195 196 197 198 199 
#module 3 size: 52 bs: 0.0702187
41 43 44 45 46 47 48 50 51 52 54 55 56 57 58 60 62 63 64 65 68 75 77 78 80 82 83 85 88 89 90 91 92 98 99 100 107 108 131 132 133 134 135 136 146 148 149 151 152 153 154 165 
#module 4 size: 19 bs: 0.0568909
101 118 119 120 121 122 123 126 128 140 141 142 174 175 178 179 180 181 182 
#module 0 size: 46 bs: 0.0920908
0 1 2 3 4 5 6 7 8 9 10 11 12 13 14 15 16 17 18 19 20 21 22 23 24 25 26 27 28 29 70 76 124 125 126 127 129 130 137 155 166 167 168 169 191 193 
#module 1 size: 22 bs: 0.10826
32 33 34 35 36 38 39 40 41 42 43 45 46 75 96 97 98 99 103 104 106 107 
#module 2 size: 52 bs: 0.169284
41 43 44 45 46 47 48 50 51 52 54 55 56 57 58 60 62 63 64 65 68 75 77 78 80 82 83 85 88 89 90 91 92 98 99 100 107 108 131 132 133 134 135 136 146 148 149 151 152 153 154 165 
#module 3 size: 19 bs: 0.234797
101 118 119 120 121 122 123 126 128 140 141 142 174 175 178 179 180 181 182 
#module 4 size: 34 bs: 0.129866
49 53 59 61 67 86 110 111 112 113 114 115 116 122 156 157 158 159 160 178 180 181 182 183 184 186 188 190 194 195 196 197 198 199 
#module 0 size: 46 bs: 0.0920908
0 1 2 3 4 5 6 7 8 9 10 11 12 13 14 15 16 17 18 19 20 21 22 23 24 25 26 27 28 29 70 76 124 125 126 127 129 130 137 155 166 167 168 169 191 193 
#module 1 size: 22 bs: 0.169284
32 33 34 35 36 38 39 40 41 42 43 45 46 75 96 97 98 99 103 104 106 107 
#module 2 size: 52 bs: 0.252146
41 43 44 45 46 47 48 50 51 52 54 55 56 57 58 60 62 63 64 65 68 75 77 78 80 82 83 85 88 89 90 91 92 98 99 100 107 108 131 132 133 134 135 136 146 148 149 151 152 153 154 165 
#module 3 size: 29 bs: 0.234797
49 53 59 86 110 111 112 113 114 115 116 122 156 157 158 159 160 178 180 181 183 184 186 194 195 196 197 198 199 
#module 4 size: 19 bs: 0.032609
101 118 119 120 121 122 123 126 128 140 141 142 174 175 178 179 180 181 182 
#module 0 size: 46 bs: 0.0920908
0 1 2 3 4 5 6 7 8 9 10 11 12 13 14 15 16 17 18 19 20 21 22 23 24 25 26 27 28 29 70 76 124 125 126 127 129 130 137 155 166 167 168 169 191 193 
#module 1 size: 21 bs: 0.161285
32 33 34 35 38 39 40 41 42 43 45 46 75 96 97 98 99 103 104 106 107 
#module 2 size: 38 bs: 0.163447
16 49 53 59 61 86 110 111 112 113 114 115 116 122 156 157 158 159 160 178 179 180 181 182 183 184 185 186 188 190 191 192 194 195 196 197 198 199 
#module 3 size: 52 bs: 0.0702187
41 43 44 45 46 47 48 50 51 52 54 55 56 57 58 60 62 63 64 65 68 75 77 78 80 82 83 85 88 89 90 91 92 98 99 100 107 108 131 132 133 134 135 136 146 148 149 151 152 153 154 165 
#module 4 size: 19 bs: 0.1945
101 118 119 120 121 122 123 126 128 140 141 142 174 175 178 179 180 181 182 
#module 0 size: 46 bs: 0.0920908
0 1 2 3 4 5 6 7 8 9 10 11 12 13 14 15 16 17 18 19 20 21 22 23 24 25 26 27 28 29 70 76 124 125 126 127 129 130 137 155 166 167 168 169 191 193 
#module 1 size: 22 bs: 0.24106
32 33 34 35 36 38 39 40 41 42 43 45 46 75 96 97 98 99 103 104 106 107 
#module 2 size: 52 bs: 0.169284
41 43 44 45 46 47 48 50 51 52 54 55 56 57 58 60 62 63 64 65 68 75 77 78 80 82 83 85 88 89 90 91 92 98 99 100 107 108 131 132 133 134 135 136 146 148 149 151 152 153 154 165 
#module 3 size: 19 bs: 0.234797
101 118 119 120 121 122 123 126 128 140 141 142 174 175 178 179 180 181 182 
#module 4 size: 43 bs: 0.129866
41 44 45 49 53 55 59 60 61 62 63 64 65 66 67 68 69 86 88 89 90 91 92 100 107 108 110 111 112 113 114 115 116 117 153 154 157 158 160 188 189 190 197 
#module 0 size: 46 bs: 0.0920908
0 1 2 3 4 5 6 7 8 9 10 11 12 13 14 15 16 17 18 19 20 21 22 23 24 25 26 27 28 29 70 76 124 125 126 127 129 130 137 155 166 167 168 169 191 193 
#module 1 size: 22 bs: 0.169284
32 33 34 35 36 38 39 40 41 42 43 45 46 75 96 97 98 99 103 104 106 107 
#module 2 size: 52 bs: 0.163447
41 43 44 45 46 47 48 50 51 52 54 55 56 57 58 60 62 63 64 65 68 75 77 78 80 82 83 85 88 89 90 91 92 98 99 100 107 108 131 132 133 134 135 136 146 148 149 151 152 153 154 165 
#module 3 size: 19 bs: 0.234797
101 118 119 120 121 122 123 126 128 140 141 142 174 175 178 179 180 181 182 
#module 4 size: 51 bs: 0.0568909
41 44 49 53 55 59 60 61 65 66 67 68 86 89 90 91 92 100 102 107 108 109 110 111 112 113 114 115 116 117 144 145 146 147 148 150 151 152 153 154 158 159 160 177 183 185 186 187 188 189 190 
#module 0 size: 46 bs: 0.0920908
0 1 2 3 4 5 6 7 8 9 10 11 12 13 14 15 16 17 18 19 20 21 22 23 24 25 26 27 28 29 70 76 124 125 126 127 129 130 137 155 166 167 168 169 191 193 
#module 1 size: 21 bs: 0.19885
32 33 34 35 36 38 39 40 41 42 43 45 46 75 96 97 98 99 103 104 107 
#module 2 size: 52 bs: 0.163447
41 43 44 45 46 47 48 50 51 52 54 55 56 57 58 60 62 63 64 65 68 75 77 78 80 82 83 85 88 89 90 91 92 98 99 100 107 108 131 132 133 134 135 136 146 148 149 151 152 153 154 165 
#module 3 size: 19 bs: 0.234797
101 118 119 120 121 122 123 126 128 140 141 142 174 175 178 179 180 181 182 
#module 4 size: 43 bs: 0.129866
41 44 45 49 53 55 59 60 61 62 63 64 65 66 67 68 69 86 88 89 90 91 92 100 107 108 110 111 112 113 114 115 116 117 153 154 157 158 160 188 189 190 197 
#module 0 size: 46 bs: 0.0920908
0 1 2 3 4 5 6 7 8 9 10 11 12 13 14 15 16 17 18 19 20 21 22 23 24 25 26 27 28 29 70 76 124 125 126 127 129 130 137 155 166 167 168 169 191 193 
#module 1 size: 22 bs: 0.169284
32 33 34 35 36 38 39 40 41 42 43 45 46 75 96 97 98 99 103 104 106 107 
#module 2 size: 52 bs: 0.163447
41 43 44 45 46 47 48 50 51 52 54 55 56 57 58 60 62 63 64 65 68 75 77 78 80 82 83 85 88 89 90 91 92 98 99 100 107 108 131 132 133 134 135 136 146 148 149 151 152 153 154 165 
#module 3 size: 36 bs: 0.234797
49 53 59 61 67 86 110 111 112 113 114 115 116 122 156 157 158 159 160 178 180 181 182 183 184 185 186 188 190 191 194 195 196 197 198 199 
#module 4 size: 19 bs: 0.0672613
101 118 119 120 121 122 123 126 128 140 141 142 174 175 178 179 180 181 182 
#module 0 size: 46 bs: 0.0920908
0 1 2 3 4 5 6 7 8 9 10 11 12 13 14 15 16 17 18 19 20 21 22 23 24 25 26 27 28 29 70 76 124 125 126 127 129 130 137 155 166 167 168 169 191 193 
#module 1 size: 22 bs: 0.163447
32 33 34 35 36 38 39 40 41 42 43 45 46 75 96 97 98 99 103 104 106 107 
#module 2 size: 52 bs: 0.169284
41 43 44 45 46 47 48 50 51 52 54 55 56 57 58 60 62 63 64 65 68 75 77 78 80 82 83 85 88 89 90 91 92 98 99 100 107 108 131 132 133 134 135 136 146 148 149 151 152 153 154 165 
#module 3 size: 19 bs: 0.234797
101 118 119 120 121 122 123 126 128 140 141 142 174 175 178 179 180 181 182 
#module 4 size: 43 bs: 0.129866
41 44 45 49 53 55 59 60 61 62 63 64 65 66 67 68 69 86 88 89 90 91 92 100 107 108 110 111 112 113 114 115 116 117 153 154 157 158 160 188 189 190 197 
#module 0 size: 46 bs: 0.0920908
0 1 2 3 4 5 6 7 8 9 10 11 12 13 14 15 16 17 18 19 20 21 22 23 24 25 26 27 28 29 70 76 124 125 126 127 129 130 137 155 166 167 168 169 191 193 
#module 1 size: 21 bs: 0.19885
32 33 34 35 36 38 39 40 41 42 43 45 46 75 96 97 98 99 103 104 107 
#module 2 size: 52 bs: 0.163447
41 43 44 45 46 47 48 50 51 52 54 55 56 57 58 60 62 63 64 65 68 75 77 78 80 82 83 85 88 89 90 91 92 98 99 100 107 108 131 132 133 134 135 136 146 148 149 151 152 153 154 165 
#module 3 size: 30 bs: 0.234797
49 53 59 61 66 67 86 110 111 112 113 114 115 116 156 157 158 159 160 180 181 183 184 186 194 195 196 197 198 199 
#module 4 size: 19 bs: 0.129866
101 118 119 120 121 122 123 126 128 140 141 142 174 175 178 179 180 181 182 
#module 0 size: 46 bs: 0.0920908
0 1 2 3 4 5 6 7 8 9 10 11 12 13 14 15 16 17 18 19 20 21 22 23 24 25 26 27 28 29 70 76 124 125 126 127 129 130 137 155 166 167 168 169 191 193 
#module 1 size: 21 bs: 0.161285
32 33 34 35 38 39 40 41 42 43 45 46 75 96 97 98 99 103 104 106 107 
#module 2 size: 31 bs: 0.163447
41 44 45 46 47 48 50 51 52 54 55 56 57 58 75 77 78 80 82 83 85 88 89 92 100 131 132 134 135 136 165 
#module 3 size: 38 bs: 0.0702187
16 49 53 59 61 86 110 111 112 113 114 115 116 122 156 157 158 159 160 178 179 180 181 182 183 184 185 186 188 190 191 192 194 195 196 197 198 199 
#module 4 size: 19 bs: 0.1945
101 118 119 120 121 122 123 126 128 140 141 142 174 175 178 179 180 181 182 
#module 0 size: 46 bs: 0.0920908
0 1 2 3 4 5 6 7 8 9 10 11 12 13 14 15 16 17 18 19 20 21 22 23 24 25 26 27 28 29 70 76 124 125 126 127 129 130 137 155 166 167 168 169 191 193 
#module 1 size: 22 bs: 0.163447
32 33 34 35 36 38 39 40 41 42 43 45 46 75 96 97 98 99 103 104 106 107 
#module 2 size: 52 bs: 0.169284
41 43 44 45 46 47 48 50 51 52 54 55 56 57 58 60 62 63 64 65 68 75 77 78 80 82 83 85 88 89 90 91 92 98 99 100 107 108 131 132 133 134 135 136 146 148 149 151 152 153 154 165 
#module 3 size: 19 bs: 0.234797
101 118 119 120 121 122 123 126 128 140 141 142 174 175 178 179 180 181 182 
#module 4 size: 61 bs: 0.129866
41 44 49 53 55 59 60 61 62 64 65 66 67 68 69 86 88 89 90 91 92 100 102 107 108 109 110 111 112 113 114 115 116 117 142 144 145 146 147 148 150 151 152 153 154 158 159 160 177 181 182 183 184 185 186 187 188 189 190 197 199 
#module 0 size: 46 bs: 0.0920908
0 1 2 3 4 5 6 7 8 9 10 11 12 13 14 15 16 17 18 19 20 21 22 23 24 25 26 27 28 29 70 76 124 125 126 127 129 130 137 155 166 167 168 169 191 193 
#module 1 size: 21 bs: 0.161285
32 33 34 35 38 39 40 41 42 43 45 46 75 96 97 98 99 103 104 106 107 
#module 2 size: 37 bs: 0.163447
49 53 59 61 86 110 111 112 113 114 115 116 122 156 157 158 159 160 178 179 180 181 182 183 184 185 186 188 190 191 192 194 195 196 197 198 199 
#module 3 size: 37 bs: 0.0702187
41 44 45 46 47 48 50 51 52 54 55 56 57 58 60 75 77 78 80 82 83 85 88 89 92 100 108 131 132 134 135 136 146 149 151 152 165 
#module 4 size: 19 bs: 0.0568909
101 118 119 120 121 122 123 126 128 140 141 142 174 175 178 179 180 181 182 
#module 0 size: 46 bs: 0.0920908
0 1 2 3 4 5 6 7 8 9 10 11 12 13 14 15 16 17 18 19 20 21 22 23 24 25 26 27 28 29 70 76 124 125 126 127 129 130 137 155 166 167 168 169 191 193 
#module 1 size: 22 bs: 0.163447
32 33 34 35 36 38 39 40 41 42 43 45 46 75 96 97 98 99 103 104 106 107 
#module 2 size: 52 bs: 0.169284
41 43 44 45 46 47 48 50 51 52 54 55 56 57 58 60 62 63 64 65 68 75 77 78 80 82 83 85 88 89 90 91 92 98 99 100 107 108 131 132 133 134 135 136 146 148 149 151 152 153 154 165 
#module 3 size: 38 bs: 0.234797
16 49 53 59 61 86 110 111 112 113 114 115 116 122 156 157 158 159 160 178 179 180 181 182 183 184 185 186 188 190 191 192 194 195 196 197 198 199 
#module 4 size: 19 bs: 0.1945
101 118 119 120 121 122 123 126 128 140 141 142 174 175 178 179 180 181 182 
#module 5 size: 43 bs: 0.298742
41 44 45 49 53 55 59 60 61 62 63 64 65 66 67 68 69 86 88 89 90 91 92 100 107 108 110 111 112 113 114 115 116 117 153 154 157 158 160 188 189 190 197 
#module 0 size: 46 bs: 0.0920908
0 1 2 3 4 5 6 7 8 9 10 11 12 13 14 15 16 17 18 19 20 21 22 23 24 25 26 27 28 29 70 76 124 125 126 127 129 130 137 155 166 167 168 169 191 193 
#module 1 size: 21 bs: 0.161285
32 33 34 35 38 39 40 41 42 43 45 46 75 96 97 98 99 103 104 106 107 
#module 2 size: 52 bs: 0.120033
41 43 44 45 46 47 48 50 51 52 54 55 56 57 58 60 62 63 64 65 68 75 77 78 80 82 83 85 88 89 90 91 92 98 99 100 107 108 131 132 133 134 135 136 146 148 149 151 152 153 154 165 
#module 3 size: 37 bs: 0.234797
49 53 59 61 86 110 111 112 113 114 115 116 122 156 157 158 159 160 178 179 180 181 182 183 184 185 186 188 190 191 192 194 195 196 197 198 199 
#module 4 size: 19 bs: 0.0568909
101 118 119 120 121 122 123 126 128 140 141 142 174 175 178 179 180 181 182 
#module 0 size: 46 bs: 0.0920908
0 1 2 3 4 5 6 7 8 9 10 11 12 13 14 15 16 17 18 19 20 21 22 23 24 25 26 27 28 29 70 76 124 125 126 127 129 130 137 155 166 167 168 169 191 193 
#module 1 size: 21 bs: 0.161285
32 33 34 35 38 39 40 41 42 43 45 46 75 96 97 98 99 103 104 106 107 
#module 2 size: 52 bs: 0.15005
41 43 44 45 46 47 48 50 51 52 54 55 56 57 58 60 62 63 64 65 68 75 77 78 80 82 83 85 88 89 90 91 92 98 99 100 107 108 131 132 133 134 135 136 146 148 149 151 152 153 154 165 
#module 3 size: 29 bs: 0.234797
49 53 59 61 66 67 86 110 111 112 113 114 115 116 156 157 158 159 160 180 181 183 186 194 195 196 197 198 199 
#module 4 size: 19 bs: 0.281411
101 118 119 120 121 122 123 126 128 140 141 142 174 175 178 179 180 181 182 
#module 0 size: 46 bs: 0.0920908
0 1 2 3 4 5 6 7 8 9 10 11 12 13 14 15 16 17 18 19 20 21 22 23 24 25 26 27 28 29 70 76 124 125 126 127 129 130 137 155 166 167 168 169 191 193 
#module 1 size: 22 bs: 0.169284
32 33 34 35 36 38 39 40 41 42 43 45 46 75 96 97 98 99 103 104 106 107 
#module 2 size: 52 bs: 0.163447
41 43 44 45 46 47 48 50 51 52 54 55 56 57 58 60 62 63 64 65 68 75 77 78 80 82 83 85 88 89 90 91 92 98 99 100 107 108 131 132 133 134 135 136 146 148 149 151 152 153 154 165 
#module 3 size: 36 bs: 0.234797
49 53 59 61 67 86 110 111 112 113 114 115 116 122 156 157 158 159 160 178 180 181 182 183 184 185 186 188 190 191 194 195 196 197 198 199 
#module 4 size: 19 bs: 0.0672613
101 118 119 120 121 122 123 126 128 140 141 142 174 175 178 179 180 181 182 
#module 0 size: 46 bs: 0.0920908
0 1 2 3 4 5 6 7 8 9 10 11 12 13 14 15 16 17 18 19 20 21 22 23 24 25 26 27 28 29 70 76 124 125 126 127 129 130 137 155 166 167 168 169 191 193 
#module 1 size: 21 bs: 0.161285
32 33 34 35 38 39 40 41 42 43 45 46 75 96 97 98 99 103 104 106 107 
#module 2 size: 36 bs: 0.0996837
49 53 59 61 67 86 110 111 112 113 114 115 116 122 156 157 158 159 160 178 180 181 182 183 184 185 186 188 190 191 194 195 196 197 198 199 
#module 3 size: 52 bs: 0.0702187
41 43 44 45 46 47 48 50 51 52 54 55 56 57 58 60 62 63 64 65 68 75 77 78 80 82 83 85 88 89 90 91 92 98 99 100 107 108 131 132 133 134 135 136 146 148 149 151 152 153 154 165 
#module 4 size: 19 bs: 0.00080973
101 118 119 120 121 122 123 126 128 140 141 142 174 175 178 179 180 181 182 
#module 0 size: 46 bs: 0.0920908
0 1 2 3 4 5 6 7 8 9 10 11 12 13 14 15 16 17 18 19 20 21 22 23 24 25 26 27 28 29 70 76 124 125 126 127 129 130 137 155 166 167 168 169 191 193 
#module 1 size: 21 bs: 0.19885
32 33 34 35 36 38 39 40 41 42 43 45 46 75 96 97 98 99 103 104 107 
#module 2 size: 52 bs: 0.163447
41 43 44 45 46 47 48 50 51 52 54 55 56 57 58 60 62 63 64 65 68 75 77 78 80 82 83 85 88 89 90 91 92 98 99 100 107 108 131 132 133 134 135 136 146 148 149 151 152 153 154 165 
#module 3 size: 38 bs: 0.234797
16 49 53 59 61 86 110 111 112 113 114 115 116 122 156 157 158 159 160 178 179 180 181 182 183 184 185 186 188 190 191 192 194 195 196 197 198 199 
#module 4 size: 19 bs: 0.1945
101 118 119 120 121 122 123 126 128 140 141 142 174 175 178 179 180 181 182 
#module 0 size: 46 bs: 0.0920908
0 1 2 3 4 5 6 7 8 9 10 11 12 13 14 15 16 17 18 19 20 21 22 23 24 25 26 27 28 29 70 76 124 125 126 127 129 130 137 155 166 167 168 169 191 193 
#module 1 size: 21 bs: 0.19885
32 33 34 35 36 38 39 40 41 42 43 45 46 75 96 97 98 99 103 104 107 
#module 2 size: 52 bs: 0.212105
41 43 44 45 46 47 48 50 51 52 54 55 56 57 58 60 62 63 64 65 68 75 77 78 80 82 83 85 88 89 90 91 92 98 99 100 107 108 131 132 133 134 135 136 146 148 149 151 152 153 154 165 
#module 3 size: 34 bs: 0.234797
49 53 59 86 110 111 112 113 114 115 116 122 156 158 159 160 178 179 180 181 182 183 184 185 186 188 190 191 194 195 196 197 198 199 
#module 0 size: 46 bs: 0.0920908
0 1 2 3 4 5 6 7 8 9 10 11 12 13 14 15 16 17 18 19 20 21 22 23 24 25 26 27 28 29 70 76 124 125 126 127 129 130 137 155 166 167 168 169 191 193 
#module 1 size: 21 bs: 0.161285
32 33 34 35 38 39 40 41 42 43 45 46 75 96 97 98 99 103 104 106 107 
#module 2 size: 38 bs: 0.163447
16 49 53 59 61 86 110 111 112 113 114 115 116 122 156 157 158 159 160 178 179 180 181 182 183 184 185 186 188 190 191 192 194 195 196 197 198 199 
#module 3 size: 37 bs: 0.0702187
41 44 45 46 47 48 50 51 52 54 55 56 57 58 60 75 77 78 80 82 83 85 88 89 92 100 108 131 132 134 135 136 146 149 151 152 165 
#module 4 size: 19 bs: 0.1945
101 118 119 120 121 122 123 126 128 140 141 142 174 175 178 179 180 181 182 
#module 0 size: 46 bs: 0.0920908
0 1 2 3 4 5 6 7 8 9 10 11 12 13 14 15 16 17 18 19 20 21 22 23 24 25 26 27 28 29 70 76 124 125 126 127 129 130 137 155 166 167 168 169 191 193 
#module 1 size: 21 bs: 0.161285
32 33 34 35 38 39 40 41 42 43 45 46 75 96 97 98 99 103 104 106 107 
#module 2 size: 52 bs: 0.163447
41 43 44 45 46 47 48 50 51 52 54 55 56 57 58 60 62 63 64 65 68 75 77 78 80 82 83 85 88 89 90 91 92 98 99 100 107 108 131 132 133 134 135 136 146 148 149 151 152 153 154 165 
#module 3 size: 37 bs: 0.234797
49 53 59 61 86 110 111 112 113 114 115 116 122 156 157 158 159 160 178 179 180 181 182 183 184 185 186 188 190 191 192 194 195 196 197 198 199 
#module 4 size: 19 bs: 0.0568909
101 118 119 120 121 122 123 126 128 140 141 142 174 175 178 179 180 181 182 
#module 0 size: 46 bs: 0.0920908
0 1 2 3 4 5 6 7 8 9 10 11 12 13 14 15 16 17 18 19 20 21 22 23 24 25 26 27 28 29 70 76 124 125 126 127 129 130 137 155 166 167 168 169 191 193 
#module 1 size: 22 bs: 0.169284
32 33 34 35 36 38 39 40 41 42 43 45 46 75 96 97 98 99 103 104 106 107 
#module 2 size: 52 bs: 0.252146
41 43 44 45 46 47 48 50 51 52 54 55 56 57 58 60 62 63 64 65 68 75 77 78 80 82 83 85 88 89 90 91 92 98 99 100 107 108 131 132 133 134 135 136 146 148 149 151 152 153 154 165 
#module 3 size: 29 bs: 0.234797
49 53 59 86 110 111 112 113 114 115 156 157 158 159 160 178 180 181 183 184 186 188 192 194 195 196 197 198 199 
#module 4 size: 19 bs: 0.049061
101 118 119 120 121 122 123 126 128 140 141 142 174 175 178 179 180 181 182 
#module 0 size: 46 bs: 0.0920908
0 1 2 3 4 5 6 7 8 9 10 11 12 13 14 15 16 17 18 19 20 21 22 23 24 25 26 27 28 29 70 76 124 125 126 127 129 130 137 155 166 167 168 169 191 193 
#module 1 size: 22 bs: 0.242943
32 33 34 35 36 38 39 40 41 42 43 45 46 75 96 97 98 99 103 104 106 107 
#module 2 size: 52 bs: 0.169284
41 43 44 45 46 47 48 50 51 52 54 55 56 57 58 60 62 63 64 65 68 75 77 78 80 82 83 85 88 89 90 91 92 98 99 100 107 108 131 132 133 134 135 136 146 148 149 151 152 153 154 165 
#module 3 size: 36 bs: 0.234797
49 53 59 61 67 86 110 111 112 113 114 115 116 122 156 157 158 159 160 178 180 181 182 183 184 185 186 188 190 191 194 195 196 197 198 199 
#module 4 size: 19 bs: 0.0672613
101 118 119 120 121 122 123 126 128 140 141 142 174 175 178 179 180 181 182 
#module 0 size: 46 bs: 0.0920908
0 1 2 3 4 5 6 7 8 9 10 11 12 13 14 15 16 17 18 19 20 21 22 23 24 25 26 27 28 29 70 76 124 125 126 127 129 130 137 155 166 167 168 169 191 193 
#module 1 size: 22 bs: 0.163447
32 33 34 35 36 38 39 40 41 42 43 45 46 75 96 97 98 99 103 104 106 107 
#module 2 size: 52 bs: 0.169284
41 43 44 45 46 47 48 50 51 52 54 55 56 57 58 60 62 63 64 65 68 75 77 78 80 82 83 85 88 89 90 91 92 98 99 100 107 108 131 132 133 134 135 136 146 148 149 151 152 153 154 165 
#module 3 size: 36 bs: 0.234797
49 53 59 61 67 86 110 111 112 113 114 115 116 122 156 157 158 159 160 178 180 181 182 183 184 185 186 188 190 191 194 195 196 197 198 199 
#module 4 size: 19 bs: 0.0672613
101 118 119 120 121 122 123 126 128 140 141 142 174 175 178 179 180 181 182 
#module 0 size: 46 bs: 0.0920908
0 1 2 3 4 5 6 7 8 9 10 11 12 13 14 15 16 17 18 19 20 21 22 23 24 25 26 27 28 29 70 76 124 125 126 127 129 130 137 155 166 167 168 169 191 193 
#module 1 size: 21 bs: 0.19885
32 33 34 35 36 38 39 40 41 42 43 45 46 75 96 97 98 99 103 104 107 
#module 2 size: 38 bs: 0.0207618
16 49 53 59 61 86 110 111 112 113 114 115 116 122 156 157 158 159 160 178 179 180 181 182 183 184 185 186 188 190 191 192 194 195 196 197 198 199 
#module 3 size: 52 bs: 0.1945
41 43 44 45 46 47 48 50 51 52 54 55 56 57 58 60 62 63 64 65 68 75 77 78 80 82 83 85 88 89 90 91 92 98 99 100 107 108 131 132 133 134 135 136 146 148 149 151 152 153 154 165 
#module 4 size: 19 bs: 0.234797
101 118 119 120 121 122 123 126 128 140 141 142 174 175 178 179 180 181 182 
#module 0 size: 46 bs: 0.0920908
0 1 2 3 4 5 6 7 8 9 10 11 12 13 14 15 16 17 18 19 20 21 22 23 24 25 26 27 28 29 70 76 124 125 126 127 129 130 137 155 166 167 168 169 191 193 
#module 1 size: 22 bs: 0.163447
32 33 34 35 36 38 39 40 41 42 43 45 46 75 96 97 98 99 103 104 106 107 
#module 2 size: 52 bs: 0.169284
41 43 44 45 46 47 48 50 51 52 54 55 56 57 58 60 62 63 64 65 68 75 77 78 80 82 83 85 88 89 90 91 92 98 99 100 107 108 131 132 133 134 135 136 146 148 149 151 152 153 154 165 
#module 3 size: 19 bs: 0.234797
101 118 119 120 121 122 123 126 128 140 141 142 174 175 178 179 180 181 182 
#module 4 size: 45 bs: 0.129866
41 44 49 53 55 59 60 61 62 64 65 66 67 68 69 86 88 89 90 91 92 100 102 107 108 110 111 112 113 114 115 116 117 153 154 158 159 160 186 187 188 189 190 197 199 
#module 0 size: 46 bs: 0.0920908
0 1 2 3 4 5 6 7 8 9 10 11 12 13 14 15 16 17 18 19 20 21 22 23 24 25 26 27 28 29 70 76 124 125 126 127 129 130 137 155 166 167 168 169 191 193 
#module 1 size: 21 bs: 0.161285
32 33 34 35 38 39 40 41 42 43 45 46 75 96 97 98 99 103 104 106 107 
#module 2 size: 52 bs: 0.187767
41 43 44 45 46 47 48 50 51 52 54 55 56 57 58 60 62 63 64 65 68 75 77 78 80 82 83 85 88 89 90 91 92 98 99 100 107 108 131 132 133 134 135 136 146 148 149 151 152 153 154 165 
#module 3 size: 38 bs: 0.234797
16 49 53 59 61 86 110 111 112 113 114 115 116 122 156 157 158 159 160 178 179 180 181 182 183 184 185 186 188 190 191 192 194 195 196 197 198 199 
#module 4 size: 19 bs: 0.1945
101 118 119 120 121 122 123 126 128 140 141 142 174 175 178 179 180 181 182 
#module 0 size: 46 bs: 0.0920908
0 1 2 3 4 5 6 7 8 9 10 11 12 13 14 15 16 17 18 19 20 21 22 23 24 25 26 27 28 29 70 76 124 125 126 127 129 130 137 155 166 167 168 169 191 193 
#module 1 size: 22 bs: 0.163447
32 33 34 35 36 38 39 40 41 42 43 45 46 75 96 97 98 99 103 104 106 107 
#module 2 size: 52 bs: 0.169284
41 43 44 45 46 47 48 50 51 52 54 55 56 57 58 60 62 63 64 65 68 75 77 78 80 82 83 85 88 89 90 91 92 98 99 100 107 108 131 132 133 134 135 136 146 148 149 151 152 153 154 165 
#module 3 size: 36 bs: 0.234797
49 53 59 61 66 67 86 110 111 112 113 114 115 116 122 156 157 158 159 160 178 180 181 182 183 184 185 186 188 190 194 195 196 197 198 199 
#module 4 size: 19 bs: 0.00669946
101 118 119 120 121 122 123 126 128 140 141 142 174 175 178 179 180 181 182 
#module 0 size: 46 bs: 0.0920908
0 1 2 3 4 5 6 7 8 9 10 11 12 13 14 15 16 17 18 19 20 21 22 23 24 25 26 27 28 29 70 76 124 125 126 127 129 130 137 155 166 167 168 169 191 193 
#module 1 size: 21 bs: 0.19885
32 33 34 35 36 38 39 40 41 42 43 45 46 75 96 97 98 99 103 104 107 
#module 2 size: 52 bs: 0.163447
41 43 44 45 46 47 48 50 51 52 54 55 56 57 58 60 62 63 64 65 68 75 77 78 80 82 83 85 88 89 90 91 92 98 99 100 107 108 131 132 133 134 135 136 146 148 149 151 152 153 154 165 
#module 3 size: 29 bs: 0.234797
49 53 59 86 110 111 112 113 114 115 116 122 156 157 158 159 160 178 180 181 183 184 186 194 195 196 197 198 199 
#module 4 size: 19 bs: 0.032609
101 118 119 120 121 122 123 126 128 140 141 142 174 175 178 179 180 181 182 
#module 0 size: 46 bs: 0.0920908
0 1 2 3 4 5 6 7 8 9 10 11 12 13 14 15 16 17 18 19 20 21 22 23 24 25 26 27 28 29 70 76 124 125 126 127 129 130 137 155 166 167 168 169 191 193 
#module 1 size: 21 bs: 0.161285
32 33 34 35 38 39 40 41 42 43 45 46 75 96 97 98 99 103 104 106 107 
#module 2 size: 52 bs: 0.163447
41 43 44 45 46 47 48 50 51 52 54 55 56 57 58 60 62 63 64 65 68 75 77 78 80 82 83 85 88 89 90 91 92 98 99 100 107 108 131 132 133 134 135 136 146 148 149 151 152 153 154 165 
#module 3 size: 30 bs: 0.234797
49 53 59 61 66 67 86 110 111 112 113 114 115 116 156 157 158 159 160 180 181 183 184 186 194 195 196 197 198 199 
#module 4 size: 19 bs: 0.129866
101 118 119 120 121 122 123 126 128 140 141 142 174 175 178 179 180 181 182 
#module 0 size: 46 bs: 0.0920908
0 1 2 3 4 5 6 7 8 9 10 11 12 13 14 15 16 17 18 19 20 21 22 23 24 25 26 27 28 29 70 76 124 125 126 127 129 130 137 155 166 167 168 169 191 193 
#module 1 size: 22 bs: 0.163447
32 33 34 35 36 38 39 40 41 42 43 45 46 75 96 97 98 99 103 104 106 107 
#module 2 size: 52 bs: 0.169284
41 43 44 45 46 47 48 50 51 52 54 55 56 57 58 60 62 63 64 65 68 75 77 78 80 82 83 85 88 89 90 91 92 98 99 100 107 108 131 132 133 134 135 136 146 148 149 151 152 153 154 165 
#module 3 size: 36 bs: 0.234797
49 53 59 61 67 86 110 111 112 113 114 115 116 122 156 157 158 159 160 178 180 181 182 183 184 185 186 188 190 191 194 195 196 197 198 199 
#module 4 size: 19 bs: 0.0672613
101 118 119 120 121 122 123 126 128 140 141 142 174 175 178 179 180 181 182 
#module 0 size: 46 bs: 0.0920908
0 1 2 3 4 5 6 7 8 9 10 11 12 13 14 15 16 17 18 19 20 21 22 23 24 25 26 27 28 29 70 76 124 125 126 127 129 130 137 155 166 167 168 169 191 193 
#module 1 size: 21 bs: 0.161285
32 33 34 35 38 39 40 41 42 43 45 46 75 96 97 98 99 103 104 106 107 
#module 2 size: 52 bs: 0.163447
41 43 44 45 46 47 48 50 51 52 54 55 56 57 58 60 62 63 64 65 68 75 77 78 80 82 83 85 88 89 90 91 92 98 99 100 107 108 131 132 133 134 135 136 146 148 149 151 152 153 154 165 
#module 3 size: 36 bs: 0.234797
49 53 59 61 67 86 110 111 112 113 114 115 116 122 156 157 158 159 160 178 180 181 182 183 184 185 186 188 190 191 194 195 196 197 198 199 
#module 4 size: 19 bs: 0.0672613
101 118 119 120 121 122 123 126 128 140 141 142 174 175 178 179 180 181 182 
#module 0 size: 46 bs: 0.0920908
0 1 2 3 4 5 6 7 8 9 10 11 12 13 14 15 16 17 18 19 20 21 22 23 24 25 26 27 28 29 70 76 124 125 126 127 129 130 137 155 166 167 168 169 191 193 
#module 1 size: 21 bs: 0.161285
32 33 34 35 38 39 40 41 42 43 45 46 75 96 97 98 99 103 104 106 107 
#module 2 size: 37 bs: 0.190445
49 53 59 61 86 110 111 112 113 114 115 116 122 156 157 158 159 160 178 179 180 181 182 183 184 185 186 188 190 191 192 194 195 196 197 198 199 
#module 3 size: 52 bs: 0.0702187
41 43 44 45 46 47 48 50 51 52 54 55 56 57 58 60 62 63 64 65 68 75 77 78 80 82 83 85 88 89 90 91 92 98 99 100 107 108 131 132 133 134 135 136 146 148 149 151 152 153 154 165 
#module 4 size: 19 bs: 0.0568909
101 118 119 120 121 122 123 126 128 140 141 142 174 175 178 179 180 181 182 
#module 0 size: 46 bs: 0.0920908
0 1 2 3 4 5 6 7 8 9 10 11 12 13 14 15 16 17 18 19 20 21 22 23 24 25 26 27 28 29 70 76 124 125 126 127 129 130 137 155 166 167 168 169 191 193 
#module 1 size: 21 bs: 0.161285
32 33 34 35 38 39 40 41 42 43 45 46 75 96 97 98 99 103 104 106 107 
#module 2 size: 52 bs: 0.22632
41 43 44 45 46 47 48 50 51 52 54 55 56 57 58 60 62 63 64 65 68 75 77 78 80 82 83 85 88 89 90 91 92 98 99 100 107 108 131 132 133 134 135 136 146 148 149 151 152 153 154 165 
#module 3 size: 30 bs: 0.234797
49 53 59 61 66 67 86 110 111 112 113 114 115 116 156 157 158 159 160 180 181 183 184 186 194 195 196 197 198 199 
#module 4 size: 19 bs: 0.129866
101 118 119 120 121 122 123 126 128 140 141 142 174 175 178 179 180 181 182 
#module 0 size: 46 bs: 0.0920908
0 1 2 3 4 5 6 7 8 9 10 11 12 13 14 15 16 17 18 19 20 21 22 23 24 25 26 27 28 29 70 76 124 125 126 127 129 130 137 155 166 167 168 169 191 193 
#module 1 size: 21 bs: 0.19885
32 33 34 35 36 38 39 40 41 42 43 45 46 75 96 97 98 99 103 104 107 
#module 2 size: 52 bs: 0.163447
41 43 44 45 46 47 48 50 51 52 54 55 56 57 58 60 62 63 64 65 68 75 77 78 80 82 83 85 88 89 90 91 92 98 99 100 107 108 131 132 133 134 135 136 146 148 149 151 152 153 154 165 
#module 3 size: 19 bs: 0.234797
101 118 119 120 121 122 123 126 128 140 141 142 174 175 178 179 180 181 182 
#module 4 size: 34 bs: 0.129866
49 53 59 61 67 86 110 111 112 113 114 115 116 122 156 157 158 159 160 178 180 181 182 183 184 186 188 190 194 195 196 197 198 199 
#module 0 size: 46 bs: 0.0920908
0 1 2 3 4 5 6 7 8 9 10 11 12 13 14 15 16 17 18 19 20 21 22 23 24 25 26 27 28 29 70 76 124 125 126 127 129 130 137 155 166 167 168 169 191 193 
#module 1 size: 21 bs: 0.161285
32 33 34 35 38 39 40 41 42 43 45 46 75 96 97 98 99 103 104 106 107 
#module 2 size: 52 bs: 0.163447
41 43 44 45 46 47 48 50 51 52 54 55 56 57 58 60 62 63 64 65 68 75 77 78 80 82 83 85 88 89 90 91 92 98 99 100 107 108 131 132 133 134 135 136 146 148 149 151 152 153 154 165 
#module 3 size: 38 bs: 0.234797
16 49 53 59 61 86 110 111 112 113 114 115 116 122 156 157 158 159 160 178 179 180 181 182 183 184 185 186 188 190 191 192 194 195 196 197 198 199 
#module 4 size: 19 bs: 0.1945
101 118 119 120 121 122 123 126 128 140 141 142 174 175 178 179 180 181 182 
#module 0 size: 46 bs: 0.0920908
0 1 2 3 4 5 6 7 8 9 10 11 12 13 14 15 16 17 18 19 20 21 22 23 24 25 26 27 28 29 70 76 124 125 126 127 129 130 137 155 166 167 168 169 191 193 
#module 1 size: 21 bs: 0.161285
32 33 34 35 38 39 40 41 42 43 45 46 75 96 97 98 99 103 104 106 107 
#module 2 size: 52 bs: 0.163447
41 43 44 45 46 47 48 50 51 52 54 55 56 57 58 60 62 63 64 65 68 75 77 78 80 82 83 85 88 89 90 91 92 98 99 100 107 108 131 132 133 134 135 136 146 148 149 151 152 153 154 165 
#module 3 size: 29 bs: 0.234797
49 53 59 86 110 111 112 113 114 115 116 122 156 157 158 159 160 178 180 181 183 184 186 194 195 196 197 198 199 
#module 4 size: 19 bs: 0.032609
101 118 119 120 121 122 123 126 128 140 141 142 174 175 178 179 180 181 182 
#module 0 size: 46 bs: 0.0920908
0 1 2 3 4 5 6 7 8 9 10 11 12 13 14 15 16 17 18 19 20 21 22 23 24 25 26 27 28 29 70 76 124 125 126 127 129 130 137 155 166 167 168 169 191 193 
#module 1 size: 21 bs: 0.161285
32 33 34 35 38 39 40 41 42 43 45 46 75 96 97 98 99 103 104 106 107 
#module 2 size: 52 bs: 0.163447
41 43 44 45 46 47 48 50 51 52 54 55 56 57 58 60 62 63 64 65 68 75 77 78 80 82 83 85 88 89 90 91 92 98 99 100 107 108 131 132 133 134 135 136 146 148 149 151 152 153 154 165 
#module 3 size: 30 bs: 0.234797
49 53 59 61 66 67 86 110 111 112 113 114 115 116 156 157 158 159 160 180 181 183 184 186 194 195 196 197 198 199 
#module 4 size: 19 bs: 0.129866
101 118 119 120 121 122 123 126 128 140 141 142 174 175 178 179 180 181 182 
#module 0 size: 46 bs: 0.0920908
0 1 2 3 4 5 6 7 8 9 10 11 12 13 14 15 16 17 18 19 20 21 22 23 24 25 26 27 28 29 70 76 124 125 126 127 129 130 137 155 166 167 168 169 191 193 
#module 1 size: 21 bs: 0.19885
32 33 34 35 36 38 39 40 41 42 43 45 46 75 96 97 98 99 103 104 107 
#module 2 size: 52 bs: 0.163447
41 43 44 45 46 47 48 50 51 52 54 55 56 57 58 60 62 63 64 65 68 75 77 78 80 82 83 85 88 89 90 91 92 98 99 100 107 108 131 132 133 134 135 136 146 148 149 151 152 153 154 165 
#module 3 size: 30 bs: 0.234797
49 53 59 61 66 67 86 110 111 112 113 114 115 116 156 157 158 159 160 180 181 183 184 186 194 195 196 197 198 199 
#module 4 size: 19 bs: 0.129866
101 118 119 120 121 122 123 126 128 140 141 142 174 175 178 179 180 181 182 
#module 5 size: 25 bs: 0.298742
109 110 113 141 142 143 144 145 147 148 150 159 160 177 180 181 182 183 184 185 186 187 188 189 190 
#module 0 size: 46 bs: 0.0920908
0 1 2 3 4 5 6 7 8 9 10 11 12 13 14 15 16 17 18 19 20 21 22 23 24 25 26 27 28 29 70 76 124 125 126 127 129 130 137 155 166 167 168 169 191 193 
#module 1 size: 22 bs: 0.209647
32 33 34 35 36 38 39 40 41 42 43 45 46 75 96 97 98 99 103 104 106 107 
#module 2 size: 52 bs: 0.169284
41 43 44 45 46 47 48 50 51 52 54 55 56 57 58 60 62 63 64 65 68 75 77 78 80 82 83 85 88 89 90 91 92 98 99 100 107 108 131 132 133 134 135 136 146 148 149 151 152 153 154 165 
#module 3 size: 30 bs: 0.234797
49 53 59 61 66 67 86 110 111 112 113 114 115 116 156 157 158 159 160 180 181 183 184 186 194 195 196 197 198 199 
#module 4 size: 19 bs: 0.129866
101 118 119 120 121 122 123 126 128 140 141 142 174 175 178 179 180 181 182 
#module 0 size: 46 bs: 0.0920908
0 1 2 3 4 5 6 7 8 9 10 11 12 13 14 15 16 17 18 19 20 21 22 23 24 25 26 27 28 29 70 76 124 125 126 127 129 130 137 155 166 167 168 169 191 193 
#module 1 size: 21 bs: 0.161285
32 33 34 35 38 39 40 41 42 43 45 46 75 96 97 98 99 103 104 106 107 
#module 2 size: 37 bs: 0.0618373
49 53 59 61 86 110 111 112 113 114 115 116 122 156 157 158 159 160 178 179 180 181 182 183 184 185 186 188 190 191 192 194 195 196 197 198 199 
#module 3 size: 21 bs: 0.0106345
44 60 65 89 90 91 92 100 108 117 146 148 149 150 151 152 153 154 187 189 190 
#module 4 size: 19 bs: 0.0949905
101 118 119 120 121 122 123 126 128 140 141 142 174 175 178 179 180 181 182 
#module 5 size: 27 bs: 0.139496
44 45 46 47 48 50 51 52 54 55 56 57 58 75 77 78 80 82 83 85 88 89 100 132 134 135 136 
#module 0 size: 46 bs: 0.0920908
0 1 2 3 4 5 6 7 8 9 10 11 12 13 14 15 16 17 18 19 20 21 22 23 24 25 26 27 28 29 70 76 124 125 126 127 129 130 137 155 166 167 168 169 191 193 
#module 1 size: 21 bs: 0.161285
32 33 34 35 38 39 40 41 42 43 45 46 75 96 97 98 99 103 104 106 107 
#module 2 size: 52 bs: 0.163447
41 43 44 45 46 47 48 50 51 52 54 55 56 57 58 60 62 63 64 65 68 75 77 78 80 82 83 85 88 89 90 91 92 98 99 100 107 108 131 132 133 134 135 136 146 148 149 151 152 153 154 165 
#module 3 size: 37 bs: 0.234797
49 53 59 61 86 110 111 112 113 114 115 116 122 156 157 158 159 160 178 179 180 181 182 183 184 185 186 188 190 191 192 194 195 196 197 198 199 
#module 0 size: 46 bs: 0.0920908
0 1 2 3 4 5 6 7 8 9 10 11 12 13 14 15 16 17 18 19 20 21 22 23 24 25 26 27 28 29 70 76 124 125 126 127 129 130 137 155 166 167 168 169 191 193 
#module 1 size: 22 bs: 0.190445
32 33 34 35 36 38 39 40 41 42 43 45 46 75 96 97 98 99 103 104 106 107 
#module 2 size: 52 bs: 0.169284
41 43 44 45 46 47 48 50 51 52 54 55 56 57 58 60 62 63 64 65 68 75 77 78 80 82 83 85 88 89 90 91 92 98 99 100 107 108 131 132 133 134 135 136 146 148 149 151 152 153 154 165 
#module 3 size: 30 bs: 0.234797
49 53 59 61 66 67 86 110 111 112 113 114 115 116 156 157 158 159 160 180 181 183 184 186 194 195 196 197 198 199 
#module 4 size: 19 bs: 0.129866
101 118 119 120 121 122 123 126 128 140 141 142 174 175 178 179 180 181 182 
#module 0 size: 46 bs: 0.0920908
0 1 2 3 4 5 6 7 8 9 10 11 12 13 14 15 16 17 18 19 20 21 22 23 24 25 26 27 28 29 70 76 124 125 126 127 129 130 137 155 166 167 168 169 191 193 
#module 1 size: 21 bs: 0.161285
32 33 34 35 38 39 40 41 42 43 45 46 75 96 97 98 99 103 104 106 107 
#module 2 size: 26 bs: 0.163447
49 53 86 110 111 112 113 114 156 157 158 159 160 178 180 181 183 184 186 192 194 195 196 197 198 199 
#module 3 size: 52 bs: 0.0702187
41 43 44 45 46 47 48 50 51 52 54 55 56 57 58 60 62 63 64 65 68 75 77 78 80 82 83 85 88 89 90 91 92 98 99 100 107 108 131 132 133 134 135 136 146 148 149 151 152 153 154 165 
#module 4 size: 19 bs: 0.00669946
101 118 119 120 121 122 123 126 128 140 141 142 174 175 178 179 180 181 182 
#module 0 size: 46 bs: 0.0920908
0 1 2 3 4 5 6 7 8 9 10 11 12 13 14 15 16 17 18 19 20 21 22 23 24 25 26 27 28 29 70 76 124 125 126 127 129 130 137 155 166 167 168 169 191 193 
#module 1 size: 22 bs: 0.163447
32 33 34 35 36 38 39 40 41 42 43 45 46 75 96 97 98 99 103 104 106 107 
#module 2 size: 38 bs: 0.169284
16 49 53 59 61 86 110 111 112 113 114 115 116 122 156 157 158 159 160 178 179 180 181 182 183 184 185 186 188 190 191 192 194 195 196 197 198 199 
#module 3 size: 52 bs: 0.0702187
41 43 44 45 46 47 48 50 51 52 54 55 56 57 58 60 62 63 64 65 68 75 77 78 80 82 83 85 88 89 90 91 92 98 99 100 107 108 131 132 133 134 135 136 146 148 149 151 152 153 154 165 
#module 4 size: 19 bs: 0.1945
101 118 119 120 121 122 123 126 128 140 141 142 174 175 178 179 180 181 182 
#module 0 size: 46 bs: 0.0920908
0 1 2 3 4 5 6 7 8 9 10 11 12 13 14 15 16 17 18 19 20 21 22 23 24 25 26 27 28 29 70 76 124 125 126 127 129 130 137 155 166 167 168 169 191 193 
#module 1 size: 21 bs: 0.161285
32 33 34 35 38 39 40 41 42 43 45 46 75 96 97 98 99 103 104 106 107 
#module 2 size: 52 bs: 0.067695
41 43 44 45 46 47 48 50 51 52 54 55 56 57 58 60 62 63 64 65 68 75 77 78 80 82 83 85 88 89 90 91 92 98 99 100 107 108 131 132 133 134 135 136 146 148 149 151 152 153 154 165 
#module 3 size: 30 bs: 0.234797
49 53 59 61 66 67 86 110 111 112 113 114 115 116 156 157 158 159 160 180 181 183 184 186 194 195 196 197 198 199 
#module 4 size: 19 bs: 0.129866
101 118 119 120 121 122 123 126 128 140 141 142 174 175 178 179 180 181 182 
#module 0 size: 46 bs: 0.0920908
0 1 2 3 4 5 6 7 8 9 10 11 12 13 14 15 16 17 18 19 20 21 22 23 24 25 26 27 28 29 70 76 124 125 126 127 129 130 137 155 166 167 168 169 191 193 
#module 1 size: 22 bs: 0.067695
32 33 34 35 36 38 39 40 41 42 43 45 46 75 96 97 98 99 103 104 106 107 
#module 2 size: 52 bs: 0.169284
41 43 44 45 46 47 48 50 51 52 54 55 56 57 58 60 62 63 64 65 68 75 77 78 80 82 83 85 88 89 90 91 92 98 99 100 107 108 131 132 133 134 135 136 146 148 149 151 152 153 154 165 
#module 3 size: 30 bs: 0.234797
49 53 59 61 66 67 86 110 111 112 113 114 115 116 156 157 158 159 160 180 181 183 184 186 194 195 196 197 198 199 
#module 4 size: 19 bs: 0.129866
101 118 119 120 121 122 123 126 128 140 141 142 174 175 178 179 180 181 182 
#module 0 size: 21 bs: 2.43248e-11
32 33 34 35 38 39 40 41 42 43 45 46 75 96 97 98 99 103 104 106 107 
#module 1 size: 31 bs: 5.99647e-07
41 44 45 46 47 48 50 51 52 54 55 56 57 58 75 77 78 80 82 83 85 88 89 92 100 131 132 134 135 136 165 
#module 2 size: 38 bs: 0.161285
16 49 53 59 61 86 110 111 112 113 114 115 116 122 156 157 158 159 160 178 179 180 181 182 183 184 185 186 188 190 191 192 194 195 196 197 198 199 
#module 3 size: 38 bs: 0.0702187
41 44 51 55 60 65 68 89 90 91 92 100 102 107 108 109 113 116 117 143 144 145 146 147 148 149 150 151 152 153 154 160 177 185 187 188 189 190 
#module 4 size: 46 bs: 0.1945
0 1 2 3 4 5 6 7 8 9 10 11 12 13 14 15 16 17 18 19 20 21 22 23 24 25 26 27 28 29 70 76 124 125 126 127 129 130 137 155 166 167 168 169 191 193 
#module 5 size: 19 bs: 0.258849
101 118 119 120 121 122 123 126 128 140 141 142 174 175 178 179 180 181 182 
#module 0 size: 46 bs: 0.0920908
0 1 2 3 4 5 6 7 8 9 10 11 12 13 14 15 16 17 18 19 20 21 22 23 24 25 26 27 28 29 70 76 124 125 126 127 129 130 137 155 166 167 168 169 191 193 
#module 1 size: 22 bs: 0.169284
32 33 34 35 36 38 39 40 41 42 43 45 46 75 96 97 98 99 103 104 106 107 
#module 2 size: 52 bs: 0.0985023
41 43 44 45 46 47 48 50 51 52 54 55 56 57 58 60 62 63 64 65 68 75 77 78 80 82 83 85 88 89 90 91 92 98 99 100 107 108 131 132 133 134 135 136 146 148 149 151 152 153 154 165 
#module 3 size: 29 bs: 0.234797
49 53 59 86 110 111 112 113 114 115 116 122 156 157 158 159 160 178 180 181 183 184 186 194 195 196 197 198 199 
#module 4 size: 19 bs: 0.032609
101 118 119 120 121 122 123 126 128 140 141 142 174 175 178 179 180 181 182 
#module 0 size: 46 bs: 0.0920908
0 1 2 3 4 5 6 7 8 9 10 11 12 13 14 15 16 17 18 19 20 21 22 23 24 25 26 27 28 29 70 76 124 125 126 127 129 130 137 155 166 167 168 169 191 193 
#module 1 size: 21 bs: 0.161285
32 33 34 35 38 39 40 41 42 43 45 46 75 96 97 98 99 103 104 106 107 
#module 2 size: 52 bs: 0.163447
41 43 44 45 46 47 48 50 51 52 54 55 56 57 58 60 62 63 64 65 68 75 77 78 80 82 83 85 88 89 90 91 92 98 99 100 107 108 131 132 133 134 135 136 146 148 149 151 152 153 154 165 
#module 3 size: 30 bs: 0.234797
49 53 59 61 66 67 86 110 111 112 113 114 115 116 156 157 158 159 160 180 181 183 184 186 194 195 196 197 198 199 
#module 4 size: 19 bs: 0.129866
101 118 119 120 121 122 123 126 128 140 141 142 174 175 178 179 180 181 182 
#module 0 size: 46 bs: 0.0920908
0 1 2 3 4 5 6 7 8 9 10 11 12 13 14 15 16 17 18 19 20 21 22 23 24 25 26 27 28 29 70 76 124 125 126 127 129 130 137 155 166 167 168 169 191 193 
#module 1 size: 21 bs: 0.161285
32 33 34 35 38 39 40 41 42 43 45 46 75 96 97 98 99 103 104 106 107 
#module 2 size: 52 bs: 0.163447
41 43 44 45 46 47 48 50 51 52 54 55 56 57 58 60 62 63 64 65 68 75 77 78 80 82 83 85 88 89 90 91 92 98 99 100 107 108 131 132 133 134 135 136 146 148 149 151 152 153 154 165 
#module 3 size: 29 bs: 0.234797
49 53 59 61 66 67 86 110 111 112 113 114 115 116 156 157 158 159 160 180 181 183 186 194 195 196 197 198 199 
#module 4 size: 19 bs: 0.281411
101 118 119 120 121 122 123 126 128 140 141 142 174 175 178 179 180 181 182 
#module 0 size: 46 bs: 0.0920908
0 1 2 3 4 5 6 7 8 9 10 11 12 13 14 15 16 17 18 19 20 21 22 23 24 25 26 27 28 29 70 76 124 125 126 127 129 130 137 155 166 167 168 169 191 193 
#module 1 size: 21 bs: 0.19885
32 33 34 35 36 38 39 40 41 42 43 45 46 75 96 97 98 99 103 104 107 
#module 2 size: 52 bs: 0.186487
41 43 44 45 46 47 48 50 51 52 54 55 56 57 58 60 62 63 64 65 68 75 77 78 80 82 83 85 88 89 90 91 92 98 99 100 107 108 131 132 133 134 135 136 146 148 149 151 152 153 154 165 
#module 3 size: 26 bs: 0.234797
49 53 86 110 111 112 113 114 156 157 158 159 160 178 180 181 183 184 186 192 194 195 196 197 198 199 
#module 4 size: 19 bs: 0.00669946
101 118 119 120 121 122 123 126 128 140 141 142 174 175 178 179 180 181 182 
#module 0 size: 46 bs: 0.0920908
0 1 2 3 4 5 6 7 8 9 10 11 12 13 14 15 16 17 18 19 20 21 22 23 24 25 26 27 28 29 70 76 124 125 126 127 129 130 137 155 166 167 168 169 191 193 
#module 1 size: 21 bs: 0.19885
32 33 34 35 36 38 39 40 41 42 43 45 46 75 96 97 98 99 103 104 107 
#module 2 size: 52 bs: 0.163447
41 43 44 45 46 47 48 50 51 52 54 55 56 57 58 60 62 63 64 65 68 75 77 78 80 82 83 85 88 89 90 91 92 98 99 100 107 108 131 132 133 134 135 136 146 148 149 151 152 153 154 165 
#module 3 size: 19 bs: 0.234797
101 118 119 120 121 122 123 126 128 140 141 142 174 175 178 179 180 181 182 
#module 4 size: 34 bs: 0.129866
49 53 59 61 67 86 110 111 112 113 114 115 116 122 156 157 158 159 160 178 180 181 182 183 184 186 188 190 194 195 196 197 198 199 
#module 0 size: 21 bs: 3.80479e-09
32 33 34 35 38 39 40 41 42 43 45 46 75 96 97 98 99 103 104 106 107 
#module 1 size: 37 bs: 2.51684e-07
49 53 59 61 86 110 111 112 113 114 115 116 122 156 157 158 159 160 178 179 180 181 182 183 184 185 186 188 190 191 192 194 195 196 197 198 199 
#module 2 size: 37 bs: 0.161285
41 44 45 46 47 48 50 51 52 54 55 56 57 58 60 75 77 78 80 82 83 85 88 89 92 100 108 131 132 134 135 136 146 149 151 152 165 
#module 3 size: 46 bs: 0.0702187
0 1 2 3 4 5 6 7 8 9 10 11 12 13 14 15 16 17 18 19 20 21 22 23 24 25 26 27 28 29 70 76 124 125 126 127 129 130 137 155 166 167 168 169 191 193 
#module 4 size: 19 bs: 0.0568909
101 118 119 120 121 122 123 126 128 140 141 142 174 175 178 179 180 181 182 
#module 0 size: 46 bs: 0.0920908
0 1 2 3 4 5 6 7 8 9 10 11 12 13 14 15 16 17 18 19 20 21 22 23 24 25 26 27 28 29 70 76 124 125 126 127 129 130 137 155 166 167 168 169 191 193 
#module 1 size: 21 bs: 0.161285
32 33 34 35 38 39 40 41 42 43 45 46 75 96 97 98 99 103 104 106 107 
#module 2 size: 52 bs: 0.163447
41 43 44 45 46 47 48 50 51 52 54 55 56 57 58 60 62 63 64 65 68 75 77 78 80 82 83 85 88 89 90 91 92 98 99 100 107 108 131 132 133 134 135 136 146 148 149 151 152 153 154 165 
#module 3 size: 30 bs: 0.234797
49 53 59 61 66 67 86 110 111 112 113 114 115 116 156 157 158 159 160 180 181 183 184 186 194 195 196 197 198 199 
#module 4 size: 19 bs: 0.129866
101 118 119 120 121 122 123 126 128 140 141 142 174 175 178 179 180 181 182 
#module 0 size: 46 bs: 0.0920908
0 1 2 3 4 5 6 7 8 9 10 11 12 13 14 15 16 17 18 19 20 21 22 23 24 25 26 27 28 29 70 76 124 125 126 127 129 130 137 155 166 167 168 169 191 193 
#module 1 size: 38 bs: 0.163447
16 49 53 59 61 86 110 111 112 113 114 115 116 122 156 157 158 159 160 178 179 180 181 182 183 184 185 186 188 190 191 192 194 195 196 197 198 199 
#module 2 size: 52 bs: 0.01926
41 43 44 45 46 47 48 50 51 52 54 55 56 57 58 60 62 63 64 65 68 75 77 78 80 82 83 85 88 89 90 91 92 98 99 100 107 108 131 132 133 134 135 136 146 148 149 151 152 153 154 165 
#module 3 size: 19 bs: 0.1945
101 118 119 120 121 122 123 126 128 140 141 142 174 175 178 179 180 181 182 
#module 0 size: 46 bs: 0.0920908
0 1 2 3 4 5 6 7 8 9 10 11 12 13 14 15 16 17 18 19 20 21 22 23 24 25 26 27 28 29 70 76 124 125 126 127 129 130 137 155 166 167 168 169 191 193 
#module 1 size: 21 bs: 0.19885
32 33 34 35 36 38 39 40 41 42 43 45 46 75 96 97 98 99 103 104 107 
#module 2 size: 52 bs: 0.163447
41 43 44 45 46 47 48 50 51 52 54 55 56 57 58 60 62 63 64 65 68 75 77 78 80 82 83 85 88 89 90 91 92 98 99 100 107 108 131 132 133 134 135 136 146 148 149 151 152 153 154 165 
#module 3 size: 30 bs: 0.234797
49 53 59 61 66 67 86 110 111 112 113 114 115 116 156 157 158 159 160 180 181 183 184 186 194 195 196 197 198 199 
#module 4 size: 19 bs: 0.129866
101 118 119 120 121 122 123 126 128 140 141 142 174 175 178 179 180 181 182 
#module 0 size: 46 bs: 0.0920908
0 1 2 3 4 5 6 7 8 9 10 11 12 13 14 15 16 17 18 19 20 21 22 23 24 25 26 27 28 29 70 76 124 125 126 127 129 130 137 155 166 167 168 169 191 193 
#module 1 size: 22 bs: 0.163447
32 33 34 35 36 38 39 40 41 42 43 45 46 75 96 97 98 99 103 104 106 107 
#module 2 size: 52 bs: 0.169284
41 43 44 45 46 47 48 50 51 52 54 55 56 57 58 60 62 63 64 65 68 75 77 78 80 82 83 85 88 89 90 91 92 98 99 100 107 108 131 132 133 134 135 136 146 148 149 151 152 153 154 165 
#module 3 size: 31 bs: 0.234797
49 53 59 61 86 110 111 112 113 114 115 116 122 156 157 158 159 160 178 180 181 183 184 186 188 194 195 196 197 198 199 
#module 4 size: 19 bs: 0.119643
101 118 119 120 121 122 123 126 128 140 141 142 174 175 178 179 180 181 182 
#module 0 size: 46 bs: 0.0920908
0 1 2 3 4 5 6 7 8 9 10 11 12 13 14 15 16 17 18 19 20 21 22 23 24 25 26 27 28 29 70 76 124 125 126 127 129 130 137 155 166 167 168 169 191 193 
#module 1 size: 21 bs: 0.161285
32 33 34 35 38 39 40 41 42 43 45 46 75 96 97 98 99 103 104 106 107 
#module 2 size: 52 bs: 0.242943
41 43 44 45 46 47 48 50 51 52 54 55 56 57 58 60 62 63 64 65 68 75 77 78 80 82 83 85 88 89 90 91 92 98 99 100 107 108 131 132 133 134 135 136 146 148 149 151 152 153 154 165 
#module 3 size: 30 bs: 0.234797
49 53 59 61 66 67 86 110 111 112 113 114 115 116 156 157 158 159 160 180 181 183 184 186 194 195 196 197 198 199 
#module 4 size: 19 bs: 0.129866
101 118 119 120 121 122 123 126 128 140 141 142 174 175 178 179 180 181 182 
#module 0 size: 46 bs: 0.0920908
0 1 2 3 4 5 6 7 8 9 10 11 12 13 14 15 16 17 18 19 20 21 22 23 24 25 26 27 28 29 70 76 124 125 126 127 129 130 137 155 166 167 168 169 191 193 
#module 1 size: 22 bs: 0.163447
32 33 34 35 36 38 39 40 41 42 43 45 46 75 96 97 98 99 103 104 106 107 
#module 2 size: 38 bs: 0.169284
16 49 53 59 61 86 110 111 112 113 114 115 116 122 156 157 158 159 160 178 179 180 181 182 183 184 185 186 188 190 191 192 194 195 196 197 198 199 
#module 3 size: 52 bs: 0.0702187
41 43 44 45 46 47 48 50 51 52 54 55 56 57 58 60 62 63 64 65 68 75 77 78 80 82 83 85 88 89 90 91 92 98 99 100 107 108 131 132 133 134 135 136 146 148 149 151 152 153 154 165 
#module 4 size: 19 bs: 0.1945
101 118 119 120 121 122 123 126 128 140 141 142 174 175 178 179 180 181 182 
