#module 0 size: 60 bs: 0.518043
0 1 2 3 4 5 6 7 8 9 10 11 12 13 14 15 16 17 18 19 20 21 22 23 24 25 26 27 28 29 30 70 71 73 74 76 81 84 124 125 126 127 129 130 137 138 155 156 162 166 167 168 169 170 171 191 192 193 194 195 
#module 1 size: 57 bs: 0.914922
41 43 44 45 46 47 48 50 51 52 54 55 56 57 58 60 62 63 64 65 68 72 75 77 78 79 80 82 83 85 87 88 89 90 91 92 93 98 99 100 107 108 131 132 133 134 135 136 146 148 149 151 152 153 154 163 165 
#module 2 size: 22 bs: 1.03585
101 118 119 120 121 122 123 126 128 139 140 141 142 161 174 175 176 178 179 180 181 182 
#module 3 size: 30 bs: 1.05675
31 32 33 34 35 36 37 38 39 40 41 42 43 45 46 75 94 95 96 97 98 99 103 104 105 106 107 164 172 173 
#module 4 size: 65 bs: 0.610288
41 44 49 53 55 59 60 61 62 64 65 66 67 68 69 86 88 89 90 91 92 100 102 107 108 109 110 111 112 113 114 115 116 117 142 143 144 145 146 147 148 150 151 152 153 154 157 158 159 160 177 181 182 183 184 185 186 187 188 189 190 196 197 198 199 
